877 180 59
8 8 3 7 3 1 6 9 5 7 4 7 10 3 10 8 1 8 6 7 6 7 6 10 6 8 1 6 4 1 3 6 3 7 4 6 8 3 1 4 8 8 9 5 10 2 3 4 1 4 7 6 6 7 8 4 9 8 7 1 4 3 1 9 2 9 3 10 6 6 5 3 6 2 1 1 7 9 8 6 1 5 2 7 5 2 10 4 9 5 1 10 3 8 10 6 3 9 4 4 6 9 4 9 9 8 9 10 2 1 6 3 2 6 10 3 8 10 8 8 10 7 1 2 6 3 3 8 6 6 3 4 8 9 10 5 5 3 5 2 10 3 2 6 4 10 5 4 2 5 1 9 2 8 6 10 9 4 1 9 2 8 1 3 2 3 7 5 7 1 9 5 5 3 3 8 4 7 5 3 1 9 7 8 8 8 2 5 3 8 7 8 6 2 4 9 1 9 9 10 9 6 6 9 5 4 2 8 10 9 10 4 8 4 6 7 1 3 4 7 5 1 9 8 6 2 7 10 2 10 8 4 9 10 9 9 3 5 5 3 7 5 7 1 9 7 4 6 1 8 9 6 10 2 10 5 1 4 9 2 10 3 2 7 5 3 3 1 7 9 1 4 8 5 6 7 10 4 5 1 8 2 8 4 8 4 4 10 2 3 2 7 6 4 2 5 8 6 4 2 9 2 9 6 8 1 1 1 1 10 8 2 8 7 4 10 6 1 3 9 2 2 5 3 3 10 2 7 10 2 4 2 4 8 2 1 5 6 5 10 5 6 10 4 10 6 5 1 2 6 2 6 6 8 8 4 6 5 3 1 6 6 9 1 5 6 1 9 5 9 9 8 10 5 5 9 8 3 6 3 8 4 8 1 2 6 3 7 5 2 2 6 7 8 2 6 4 8 2 6 9 6 9 7 9 9 9 4 3 5 6 8 8 5 1 2 6 1 10 6 7 9 4 3 9 5 10 1 7 3 8 6 2 10 3 5 9 9 10 8 7 3 9 6 7 8 9 9 10 10 3 10 9 6 7 3 6 5 10 9 2 6 1 7 6 7 1 8 6 6 8 10 6 10 8 6 9 8 6 7 2 4 1 2 1 9 7 3 4 9 9 8 9 3 8 8 1 5 5 7 1 6 4 3 9 2 5 9 8 6 3 9 5 2 10 8 1 10 4 7 6 3 9 4 1 8 6 5 1 8 10 9 5 7 1 8 2 8 6 10 9 1 1 2 4 8 3 7 6 6 6 9 10 1 1 2 3 4 6 8 8 3 5 2 5 2 7 10 9 6 9 1 9 10 4 2 4 10 10 10 10 8 7 4 8 3 1 9 3 6 1 4 8 5 8 9 3 6 1 8 1 9 2 6 7 2 7 10 10 7 3 2 9 4 10 2 8 8 6 4 7 8 9 7 2 3 2 1 8 3 7 7 6 6 2 6 4 7 7 8 2 6 7 8 1 8 10 8 9 9 5 2 5 1 8 3 3 4 1 1 8 8 5 1 10 9 5 10 1 5 7 2 5 7 8 3 2 1 4 9 6 2 7 6 5 10 10 8 7 5 2 8 7 5 10 4 3 1 7 4 10 10 3 5 1 2 4 7 10 5 3 9 4 5 7 6 3 6 1 2 3 7 5 9 4 3 9 1 10 1 8 7 3 1 7 5 1 5 1 7 3 6 7 4 1 7 8 4 4 5 9 5 1 3 8 5 6 6 7 10 2 9 1 1 2 6 2 9 6 1 2 4 8 8 9 1 10 8 5 6 7 1 5 1 4 4 4 3 8 2 5 10 1 4 7 1 5 9 5 5 9 10 4 5 9 1 7 3 7 10 9 9 6 4 8 9 3 9 7 9 10 4 1 8 5 1 5 2 1 7 1 3 9 1 3 5 3 6 3 2 7 5 3 3 2 6 7 10 7 2 4 1 2 3 2 2 1 3 6 3 6 1 1 4 6 7 3 7 1 8 6 4 8 5 8 1 7
697 691
28 701
143 189
855 27
840 490
448 770
38 732
221 324
62 866
18 445
359 219
474 731
152 94
88 102
849 137
572 465
683 204
194 586
611 530
821 180
394 487
562 149
504 411
643 196
192 828
486 148
126 747
191 389
173 451
497 864
53 602
111 845
145 865
604 42
54 572
528 150
140 402
8 244
88 783
182 474
121 258
87 540
392 500
398 42
853 257
276 373
792 271
502 268
56 237
133 275
542 481
129 657
782 584
210 769
71 137
165 289
634 22
65 336
49 90
865 379
518 781
864 112
696 698
240 84
364 871
49 687
759 720
603 488
30 504
404 872
15 474
184 175
116 684
824 49
644 675
349 610
224 807
797 266
837 55
477 191
237 585
609 107
234 833
51 374
367 152
82 188
465 389
352 243
842 487
547 328
170 394
818 774
761 774
805 755
322 680
196 634
581 141
58 712
779 778
106 510
372 568
171 207
386 179
395 707
457 868
660 284
873 272
626 552
115 519
178 336
423 571
714 872
750 288
186 524
368 854
672 205
1 851
436 608
689 276
699 321
199 691
135 155
214 594
138 768
34 209
628 1
501 366
681 100
539 706
276 379
79 660
144 394
18 877
791 305
277 51
389 1
676 399
4 290
272 142
858 200
352 688
633 389
43 264
345 717
242 667
218 645
715 465
171 558
799 572
406 613
46 868
139 176
541 17
323 556
298 613
104 468
569 656
100 479
654 259
391 671
861 138
512 594
807 746
485 111
744 47
420 295
272 665
88 442
257 659
247 866
514 588
790 762
77 576
337 421
213 596
829 350
69 404
808 225
689 515
301 836
424 653
523 553
771 606
579 696
448 233
597 86
713 503
730 616
442 767
526 712
642 12
136 849
481 572
262 732
44 845
31 411
263 354
340 81
166 302
338 576
190 200
104 393
857 94
629 364
122 440
552 494
385 585
413 823
138 504
523 9
637 75
704 816
453 573
124 52
227 237
56 364
466 743
171 124
82 425
687 39
241 484
465 818
683 451
338 272
443 415
134 1
455 84
477 344
307 161
797 426
134 214
309 224
800 404
476 590
296 173
828 422
778 123
458 176
389 88
836 214
809 37
121 98
102 89
546 42
384 352
439 206
396 624
563 579
514 724
509 356
341 346
644 270
5 804
532 496
40 633
115 277
710 318
416 789
221 451
412 435
547 531
393 225
686 628
810 864
290 853
792 18
844 334
458 688
208 475
140 865
862 102
364 13
124 308
621 730
504 313
358 447
102 601
489 457
336 496
520 214
354 754
245 686
258 7
87 690
786 211
278 316
764 686
246 21
247 386
58 787
828 304
423 708
543 635
292 228
793 869
523 609
216 128
757 723
517 472
69 575
755 143
268 419
830 836
433 742
491 404
42 69
864 784
220 284
637 876
185 374
554 678
181 707
688 314
198 755
50 504
363 163
514 172
335 491
725 598
708 701
503 674
109 43
798 610
712 865
226 629
845 276
5 47
651 198
635 350
508 839
173 215
487 81
349 452
766 409
563 203
258 431
822 191
534 849
778 291
465 667
702 78
813 51
168 379
297 165
153 485
57 306
540 407
598 430
570 117
365 320
285 450
512 743
536 330
131 175
721 682
443 463
823 368
479 274
102 388
628 539
314 623
877 106
611 160
261 45
607 653
641 147
155 295
699 140
268 116
758 62
550 9
547 94
557 569
387 622
136 620
159 222
134 773
846 59
393 352
378 227
84 835
234 607
645 628
531 441
673 583
738 839
294 532
367 414
731 567
596 329
72 237
315 374
154 260
351 431
65 776
840 798
835 785
284 513
242 249
644 590
368 270
825 84
715 67
349 744
449 14
330 658
161 83
92 357
580 190
724 755
469 252
180 822
257 434
408 173
295 802
692 98
584 210
237 723
361 343
685 419
766 237
72 23
411 119
425 778
162 317
668 615
475 865
166 568
502 678
397 759
691 688
430 411
22 61
400 113
763 384
710 377
501 544
71 660
514 859
349 8
254 331
764 219
633 308
581 582
864 20
379 365
518 676
847 390
127 275
541 563
586 507
451 65
776 807
652 666
644 347
787 765
720 93
12 872
607 732
747 631
121 193
561 10
820 121
71 533
833 76
117 672
450 240
629 469
511 652
705 793
528 589
365 814
332 484
256 149
405 583
341 628
97 835
874 836
789 365
103 565
322 585
638 588
293 345
251 481
712 696
348 588
379 329
734 572
811 105
24 186
694 45
104 265
432 627
484 579
708 138
308 375
725 339
212 410
437 380
205 849
427 96
634 504
434 786
299 313
162 845
784 688
694 81
548 159
350 239
24 227
224 232
149 94
166 481
272 816
599 184
446 573
374 609
192 463
88 630
841 630
343 658
647 411
778 648
60 69
403 478
169 273
492 412
242 257
831 633
35 700
576 537
374 246
175 825
617 600
501 80
792 662
317 236
312 404
134 216
201 529
53 603
530 298
401 434
815 658
356 389
848 315
202 797
866 178
501 560
326 595
788 732
646 764
865 628
138 354
43 693
724 392
103 703
260 327
501 264
389 436
501 506
377 323
451 156
670 786
297 283
255 137
510 273
633 248
650 130
565 70
791 148
99 106
493 370
739 664
625 319
747 752
86 49
612 432
701 473
226 827
134 86
101 448
676 619
846 15
482 408
298 34
537 564
392 91
449 392
654 750
628 73
312 260
855 178
448 1
94 137
838 387
280 256
319 360
158 731
101 640
129 771
844 840
137 405
593 246
736 778
68 132
632 476
849 666
246 780
832 481
711 189
462 811
122 480
3 667
423 464
362 351
679 290
87 836
513 771
394 319
526 545
433 13
65 628
728 452
287 810
175 349
539 167
647 740
313 223
48 405
63 783
713 787
160 174
535 267
803 8
686 605
282 427
121 391
580 475
216 114
592 426
786 146
342 337
516 805
120 656
19 267
16 661
269 722
238 750
42 379
304 798
269 197
125 205
95 317
458 727
770 607
197 467
716 422
753 552
408 812
426 402
474 379
166 444
275 538
37 792
636 369
358 705
22 875
676 214
733 57
649 210
581 8
639 573
535 572
126 702
811 589
770 847
589 630
2 237
281 196
633 795
700 33
777 201
770 744
682 691
682 338
316 295
304 396
432 350
738 13
190 850
806 695
834 264
17 852
306 535
843 118
134 231
698 108
483 600
453 403
491 867
6 137
581 470
499 436
74 99
461 283
776 552
13 66
634 382
307 760
801 544
561 695
184 669
236 498
527 796
173 292
560 371
741 306
629 775
431 383
274 2
549 212
587 660
794 541
688 572
429 76
572 209
138 471
585 641
286 519
209 565
75 630
705 748
178 790
639 364
230 465
655 518
535 504
652 36
248 183
62 517
138 323
96 805
64 362
480 333
29 175
355 164
495 730
70 297
392 235
770 333
572 635
501 15
757 331
751 585
770 586
870 449
456 847
602 847
561 863
157 592
826 329
300 676
484 551
846 11
668 227
712 726
772 662
269 798
796 653
113 484
574 591
51 293
847 566
399 618
555 222
600 502
633 849
460 389
613 428
756 541
574 856
729 367
56 326
166 548
656 504
505 698
439 658
279 764
187 578
688 417
700 584
375 217
201 363
406 749
724 695
650 55
229 618
746 41
487 50
381 474
264 357
825 310
574 648
521 162
838 175
110 676
268 173
71 164
522 579
719 631
549 106
754 25
435 545
843 460
16 591
379 253
791 704
364 591
868 696
155 579
307 262
30 132
614 86
663 15
720 585
658 303
436 709
209 418
629 311
735 176
770 353
659 578
267 658
707 658
547 577
644 792
337 581
825 677
565 177
195 877
664 727
363 633
438 559
32 132
653 151
275 477
649 250
755 795
374 724
819 548
69 750
390 705
442 237
172 621
459 306
431 1
860 465
661 325
559 435
85 262
695 55
454 107
66 718
737 618
26 771
747 81
300 380
246 636
792 3
33 435
481 745
525 150
862 493
376 192
817 268
