905 361 72
3 7 7 3 4 6 10 5 8 9 6 9 4 5 7 3 10 1 4 7 5 5 3 2 9 5 1 4 2 9 1 3 1 9 8 3 2 6 6 7 5 10 4 5 3 5 8 7 9 3 6 8 1 3 10 9 7 5 6 2 9 3 1 1 8 10 5 7 1 1 6 9 3 6 6 5 6 3 3 4 5 1 3 1 5 10 9 10 2 5 2 8 4 10 8 6 6 1 2 7 4 9 5 6 3 1 10 2 8 5 2 6 2 4 6 4 4 2 4 5 7 2 3 4 9 2 6 7 2 10 2 6 6 2 5 2 9 1 4 1 2 3 1 9 7 1 5 2 9 5 9 6 1 10 3 6 4 7 10 3 10 7 5 3 5 4 5 5 6 4 9 6 7 7 9 7 10 10 4 5 7 3 7 1 1 5 7 4 10 1 10 8 9 6 9 2 7 6 2 4 4 6 3 8 5 9 2 6 8 1 4 1 1 4 9 10 6 6 5 9 7 6 4 2 7 10 3 6 9 6 10 7 5 1 5 7 4 6 10 4 3 4 3 9 9 4 3 10 2 1 9 5 10 5 5 5 7 2 6 10 1 1 7 2 9 10 1 1 9 10 1 6 9 2 8 6 7 5 1 10 9 10 3 2 6 4 9 9 2 2 2 7 8 6 8 9 8 4 2 5 7 6 3 4 2 9 9 1 10 2 6 8 2 3 4 3 10 6 7 9 2 9 6 2 4 9 2 6 8 6 1 8 10 7 1 2 2 4 4 7 1 8 10 3 1 5 4 3 3 4 7 9 10 8 10 1 1 8 10 10 8 9 6 5 2 8 5 9 1 9 5 5 9 7 5 9 2 2 10 5 9 1 5 8 10 9 2 7 6 7 3 7 9 8 9 10 5 6 9 7 9 7 2 7 1 6 5 2 2 10 10 10 5 1 1 5 8 4 1 2 5 10 3 4 5 8 3 6 7 8 10 5 4 10 1 3 2 9 10 3 10 5 4 8 9 8 3 6 1 3 1 1 5 4 9 6 2 1 6 1 10 9 6 3 10 6 10 9 4 7 6 2 9 8 9 8 1 10 2 4 7 7 5 8 5 5 6 9 1 4 5 4 5 4 10 9 6 4 10 7 10 10 2 9 2 5 3 10 1 6 3 4 10 5 6 1 3 5 9 2 6 3 5 8 7 5 5 6 3 1 7 8 6 1 4 10 6 6 2 7 1 8 3 2 6 5 10 2 5 9 8 5 9 8 4 3 1 9 3 6 5 1 10 2 7 9 4 7 9 3 1 9 5 10 9 4 3 1 3 4 8 3 4 5 6 5 9 8 7 8 1 5 8 5 6 1 6 3 10 8 5 4 3 9 4 5 5 4 8 10 8 1 7 3 8 1 9 2 8 5 5 3 7 3 10 10 3 6 5 2 4 10 4 5 6 5 1 10 7 2 6 9 4 8 2 1 10 7 6 3 10 1 7 9 9 5 6 6 3 8 8 1 5 7 3 1 6 5 10 8 1 9 1 5 4 9 6 1 6 3 7 5 7 2 9 1 1 3 4 5 2 9 4 4 9 6 2 9 6 4 7 7 6 8 3 8 7 1 2 10 4 7 7 7 9 2 4 3 5 6 4 2 8 4 3 1 6 6 6 10 9 7 1 1 4 3 7 6 1 4 3 9 2 2 5 7 1 7 9 1 3 7 5 4 4 10 2 4 2 8 7 6 10 7 9 5 8 5 1 6 1 10 9 1 9 8 4 4 1 9 1 7 8 7 9 9 10 2 5 2 2 6 8 3 8 1 3 8 6 6 3 5 3 10 10 3 4 4 6 3 9 1 10 4 10 3 9 3 5 10 1 7 2 1 1 3 6 2 3 1 8 4 1 3 1 4 9 8 1 3 2 4 1 8 1 1 1 1 1 1 10 9 6 6 4 3 9 4 10 10 7 5 6 2 3 2 10 5 7 7 6 8 1 8 7 3 2 7 1 10 1 1 5 10 9 8 8 4 6 2 9 10 10 1 3 3 1 9 9 10 3 3 5 9 4
230 513
103 162
308 506
512 319
570 578
729 409
349 395
92 654
680 559
769 677
773 160
746 156
82 26
18 190
617 532
280 562
666 303
712 314
834 183
35 319
693 621
542 475
738 898
228 198
833 223
753 277
359 202
466 614
211 476
879 669
513 743
98 598
131 4
774 554
661 772
308 768
317 672
800 480
340 307
68 769
370 592
31 783
524 210
8 765
393 507
194 156
125 72
509 546
441 897
352 36
245 695
101 745
816 890
876 190
869 155
325 431
4 900
248 746
302 676
631 312
275 679
878 636
630 705
814 310
327 807
373 878
281 387
483 627
221 738
620 470
809 157
393 851
287 765
632 6
742 729
695 651
516 139
437 449
307 593
781 238
675 738
601 840
517 392
261 620
9 62
176 580
125 1
677 846
562 143
863 3
110 526
822 121
230 33
308 67
656 324
222 870
440 770
423 6
104 59
633 291
783 586
174 380
292 247
589 572
780 147
754 442
45 539
822 165
687 859
320 360
655 464
37 54
750 263
70 80
371 447
350 671
743 319
85 228
269 251
701 826
336 466
805 854
664 157
244 508
663 369
68 602
709 109
716 510
587 566
131 796
749 5
791 516
367 165
594 818
590 374
1 68
111 820
769 808
416 515
335 513
26 565
68 340
550 428
668 653
102 398
739 349
632 163
271 42
139 733
222 301
323 35
456 542
616 46
470 490
792 440
660 816
192 619
260 357
193 585
735 313
413 426
359 782
273 128
800 892
39 148
97 232
837 852
695 466
638 468
146 93
28 267
116 495
824 822
746 779
404 649
232 746
792 23
645 300
583 569
677 404
650 458
846 289
618 811
790 50
612 223
553 345
81 725
277 377
422 892
196 18
150 485
783 156
340 101
426 533
508 322
726 143
679 10
359 119
15 239
392 185
822 67
773 674
505 702
566 201
588 641
644 903
611 631
594 399
617 420
238 153
96 131
278 491
61 292
774 122
325 423
875 245
172 769
53 462
372 680
762 443
6 568
651 763
482 768
14 773
379 847
18 614
723 623
424 258
676 246
624 416
733 460
403 900
389 64
84 643
858 848
75 55
317 246
523 193
602 466
284 903
813 886
637 479
310 724
338 310
762 746
205 399
719 621
503 492
706 278
90 710
43 501
329 69
76 525
467 142
658 601
105 528
902 741
678 78
140 141
898 243
167 63
571 466
851 672
870 505
691 544
630 584
119 595
592 85
83 224
328 614
203 68
226 104
508 706
251 386
466 359
26 297
886 503
602 368
727 147
474 886
45 118
708 620
204 283
212 563
421 301
159 436
268 555
855 339
844 749
620 139
209 905
378 838
851 525
273 373
254 819
180 870
196 707
618 805
551 673
469 780
809 228
308 137
56 499
414 736
588 420
508 89
419 261
440 483
621 315
438 389
65 213
118 62
511 3
416 716
339 735
9 331
470 220
36 165
485 100
857 347
684 334
145 195
3 278
280 738
710 44
614 550
758 257
900 685
663 340
298 186
293 587
887 543
518 400
253 327
557 583
442 903
243 590
433 1
51 218
706 131
829 301
888 764
428 789
621 736
574 774
651 629
786 562
680 342
319 362
398 209
147 681
638 328
16 832
477 371
872 773
319 859
552 577
117 184
364 182
734 232
552 55
340 728
800 850
901 222
750 694
813 351
177 384
678 174
264 740
349 307
70 93
291 378
603 260
126 260
225 361
205 326
327 56
161 12
546 261
703 163
524 892
30 617
690 260
492 445
866 774
620 867
29 101
252 748
527 745
189 496
505 129
520 298
99 380
3 760
538 705
621 630
554 862
871 64
40 731
751 374
833 706
199 102
434 580
131 618
578 43
115 316
785 152
536 880
120 476
532 139
383 151
517 73
827 905
34 776
57 710
477 793
605 802
117 654
790 279
831 657
181 228
540 114
899 439
572 678
609 905
133 716
729 400
1 485
425 717
381 102
222 305
740 782
801 179
440 659
24 369
498 363
239 26
798 773
495 213
776 147
529 482
95 52
174 735
451 113
725 308
892 309
139 79
131 93
377 2
647 748
193 599
147 466
646 284
263 667
72 885
285 164
341 437
883 798
316 565
332 393
717 358
271 889
748 588
241 21
804 624
192 165
653 282
123 694
671 600
396 67
617 226
735 266
90 817
314 393
803 246
448 672
806 231
530 405
645 851
149 735
562 254
706 610
801 71
903 623
602 706
309 311
43 614
250 643
439 870
843 526
732 21
604 781
215 202
19 28
177 209
520 497
729 391
853 705
222 453
555 897
794 379
743 503
713 769
573 481
23 771
673 245
893 138
388 13
298 330
53 56
439 242
255 413
614 596
471 101
385 344
504 562
478 43
580 620
350 523
894 372
411 442
299 355
369 699
892 709
177 360
635 620
707 47
436 272
173 583
845 337
306 43
263 245
863 126
860 106
201 548
899 815
17 397
175 716
112 105
127 155
555 759
598 768
32 154
282 696
513 197
120 170
727 558
393 881
407 666
730 408
282 420
536 903
461 470
722 272
905 189
606 583
576 143
493 782
238 518
462 423
705 276
853 731
158 172
856 415
567 749
500 588
549 488
295 232
842 878
693 455
880 318
343 187
666 237
429 489
271 662
707 292
96 650
99 873
514 354
592 858
420 118
139 502
401 499
240 50
168 164
506 724
478 249
278 166
475 485
756 517
903 280
361 106
545 332
672 538
738 361
124 478
27 114
152 69
316 132
868 230
714 31
341 535
277 520
845 724
820 175
561 389
750 747
602 597
522 610
837 614
877 774
214 26
583 656
64 177
643 13
118 691
66 170
385 716
373 749
229 34
552 508
656 665
738 631
366 67
382 313
18 255
353 48
777 325
775 746
705 806
640 769
575 137
797 289
30 792
651 581
630 256
555 670
430 734
350 503
354 775
716 835
219 96
437 294
417 292
286 169
715 678
217 575
241 211
328 233
64 718
167 406
638 274
454 220
698 322
675 379
309 555
679 508
487 577
201 290
718 473
531 626
832 673
6 28
346 129
830 235
754 206
427 650
830 722
870 261
794 778
596 171
407 328
537 573
484 6
166 296
746 532
200 861
614 798
423 183
208 723
174 1
7 322
72 356
177 1
484 654
101 556
355 464
582 288
597 495
653 151
744 11
686 198
737 895
402 348
365 23
752 741
423 648
763 87
190 435
284 333
735 904
38 682
831 456
450 845
136 35
126 821
494 673
724 373
190 661
254 334
281 263
553 304
330 767
332 799
94 463
148 556
230 459
757 573
721 144
681 697
284 432
898 410
156 840
60 795
672 11
86 195
710 706
227 339
478 54
22 361
826 634
532 141
188 707
671 271
94 903
418 139
49 418
211 826
597 622
207 288
545 836
147 288
399 343
370 865
83 661
874 617
314 77
265 157
849 316
472 488
420 606
555 597
23 108
412 55
270 393
565 488
169 872
563 744
672 608
482 864
399 828
553 203
3 521
25 542
312 321
520 58
553 479
805 537
566 695
498 900
704 269
890 141
413 144
579 334
41 234
44 766
704 796
532 462
738 729
613 481
669 325
470 688
545 446
204 631
1 329
228 547
429 112
60 563
350 375
296 424
841 379
67 530
716 148
185 616
659 812
104 444
262 88
711 292
526 91
520 869
534 148
169 882
839 245
630 50
216 657
639 282
178 278
284 838
364 651
20 133
134 858
162 119
896 409
148 343
379 107
358 892
694 394
858 452
618 477
784 479
282 722
647 680
710 406
138 621
544 683
857 322
355 441
451 788
370 114
472 689
741 14
440 415
407 730
762 615
630 17
236 379
843 308
120 262
905 888
402 623
591 120
802 511
174 462
788 507
125 628
353 241
787 746
183 825
705 340
735 826
308 142
95 105
890 519
705 523
728 774
224 259
555 112
124 130
61 376
8 177
135 792
547 652
465 89
718 887
503 564
32 502
565 41
884 191
758 555
72 823
895 700
602 145
74 716
108 861
42 642
884 204
678 308
884 390
517 523
486 329
12 316
301 682
720 170
597 607
810 68
726 755
147 85
692 805
393 457
705 437
626 58
281 891
870 520
13 478
783 761
560 409
625 222
211 895
738 602
541 658
51 426
71 826
241 164
897 26
