194 122 41
9 6 7 9 7 3 1 3 2 2 8 1 6 2 5 7 4 5 3 7 3 7 5 8 4 6 8 10 5 5 5 10 4 8 10 10 8 1 9 8 2 9 10 4 9 2 3 4 5 9 1 8 10 5 1 3 9 1 7 10 1 7 10 1 1 4 10 4 3 5 6 4 9 1 10 3 1 4 4 10 10 1 7 5 10 9 7 4 2 6 10 2 7 10 1 7 2 4 7 1 6 1 8 3 8 6 5 6 4 3 9 8 4 4 5 2 7 4 5 8 10 5 4 8 1 3 2 3 10 7 1 7 6 6 7 8 2 10 4 1 6 7 9 1 9 1 6 4 10 10 9 5 1 8 9 9 5 10 10 8 3 3 2 6 5 6 1 7 1 3 9 9 1 8 8 3 1 10 7 4 5 9 10 8 8 4 3 7 3 1 6 9 5 7
53 68
68 137
119 31
56 132
83 175
26 144
169 87
103 130
43 139
189 154
95 188
74 175
138 172
176 160
134 119
106 162
144 23
40 68
58 155
151 92
105 149
6 154
60 102
166 3
45 78
87 132
120 54
48 110
143 43
107 45
108 161
99 95
187 190
157 153
174 62
183 73
168 142
97 11
147 128
137 184
110 4
1 151
47 182
174 26
167 81
64 61
82 111
43 182
17 32
89 78
28 171
100 155
172 176
157 66
88 27
8 150
136 34
74 97
54 68
127 29
55 96
175 18
133 65
115 112
91 61
108 156
19 173
123 116
77 46
140 102
7 157
9 117
21 160
70 176
128 112
105 185
78 119
166 144
157 86
85 99
80 134
24 161
48 57
81 179
104 33
22 189
176 154
38 19
1 176
94 131
115 186
191 60
165 93
158 94
78 61
61 137
27 84
19 82
75 92
190 98
176 26
192 55
172 90
73 113
3 116
56 163
125 46
82 181
2 87
175 92
50 178
167 51
177 191
182 99
29 175
165 122
155 92
63 190
26 164
145 13
33 136
129 119
99 33
10 25
46 43
185 157
121 21
12 79
159 22
41 65
12 46
104 168
1 50
170 21
135 173
55 76
27 114
105 126
35 60
112 49
193 35
148 183
26 81
65 16
164 15
165 115
72 28
147 124
150 55
1 157
67 118
92 141
68 151
129 10
59 69
29 30
32 144
118 114
20 108
39 175
73 53
44 22
168 152
71 55
14 161
118 75
112 151
161 65
42 114
67 145
178 146
161 160
77 110
169 52
60 109
36 129
26 194
43 5
161 98
98 72
157 96
61 9
60 153
45 103
43 98
59 101
37 182
132 69
21 38
180 95
162 119
19 132
172 131
