176 19 50
8 9 6 4 10 3 2 10 1 10 9 4 4 5 2 1 9 2 7 10 9 9 10 1 8 2 8 5 2 4 4 9 10 9 4 3 1 3 4 8 1 7 2 10 8 6 7 10 7 3 3 4 8 5 7 7 4 9 6 1 2 9 2 4 7 9 5 8 1 6 2 4 4 4 10 10 4 5 6 10 1 9 5 6 8 8 4 2 2 9 8 4 10 5 9 1 6 5 10 5 7 5 4 2 6 7 6 2 5 5 10 3 7 2 5 10 2 10 9 10 9 3 3 6 2 3 5 3 2 9 6 9 8 6 2 10 7 10 4 10 2 8 7 2 2 5 4 1 7 7 10 9 2 9 9 2 9 1 4 1 9 8 1 10 5 10 4 4 5 4 5 3 2 1 4 1
127 77
154 42
58 112
99 95
132 86
156 89
89 101
21 112
1 175
105 93
79 170
4 5
100 110
33 5
141 101
14 88
70 31
91 28
160 147
39 41
63 15
1 78
153 120
1 163
5 19
70 168
132 116
16 86
149 152
57 66
103 109
47 106
25 172
169 79
52 124
150 121
168 34
141 138
66 161
42 102
28 76
156 38
155 161
119 169
55 65
123 128
36 29
38 9
80 127
15 118
122 6
174 114
154 47
110 4
137 62
54 11
49 52
39 82
76 56
145 161
153 6
44 50
47 146
81 45
145 112
24 13
2 7
31 89
127 164
27 14
100 136
132 26
1 147
172 92
87 129
30 23
19 107
70 85
64 97
20 124
87 152
161 129
98 19
9 162
36 129
46 17
156 143
126 18
156 1
72 24
15 161
67 89
113 48
18 154
132 87
166 120
70 8
68 64
31 50
166 137
39 127
143 159
163 13
110 40
162 12
146 71
174 84
176 111
110 144
154 79
77 35
94 6
174 133
55 166
5 96
69 61
147 114
147 83
87 53
18 172
26 142
172 111
11 81
154 131
64 46
125 161
33 158
108 74
51 79
105 104
90 147
157 10
96 32
43 50
148 108
59 82
73 95
151 152
7 104
117 5
48 43
13 134
49 31
69 66
75 171
168 171
155 30
153 37
156 115
1 33
14 161
157 110
79 64
139 172
121 165
173 43
41 161
127 95
22 132
3 85
8 81
79 156
65 140
74 126
93 5
5 135
137 79
165 164
60 68
117 56
109 70
5 39
153 167
128 112
129 130
