724 651 73
8 7 1 6 7 5 10 5 8 6 8 9 8 10 2 3 9 7 3 4 4 1 10 8 1 1 6 2 4 8 4 3 1 3 8 10 6 1 6 2 3 7 8 8 1 6 10 8 9 5 2 1 8 6 4 5 1 7 9 7 4 8 4 7 9 7 8 7 6 10 5 1 8 5 4 7 1 7 6 5 2 4 8 8 10 3 6 4 5 8 9 6 3 7 10 1 1 5 5 3 6 3 1 8 2 8 2 8 3 8 8 10 1 3 3 8 7 3 8 5 10 3 1 10 1 5 2 3 7 8 9 3 3 6 1 8 3 9 8 3 6 9 8 3 6 1 3 1 9 2 1 5 2 3 5 2 10 9 7 1 10 6 1 2 8 4 1 1 3 8 10 6 6 1 9 4 5 7 9 6 10 4 8 6 6 8 4 4 7 7 6 9 1 6 7 9 9 9 10 7 10 5 9 3 1 3 6 6 1 3 4 3 1 9 1 10 9 3 9 2 7 10 5 6 2 6 8 7 2 4 5 4 10 4 9 7 8 9 9 1 3 2 3 8 5 3 5 9 9 4 1 4 3 3 8 1 8 4 4 7 4 9 7 6 9 4 4 9 7 8 3 5 9 10 1 10 4 8 5 2 1 1 4 6 1 8 9 6 6 7 9 7 10 10 10 9 6 2 4 4 9 7 8 8 8 7 2 8 5 1 9 10 8 1 6 9 8 7 5 9 10 6 10 9 6 8 3 1 9 5 4 6 1 10 10 2 8 8 5 8 2 9 6 9 7 2 4 10 6 8 8 7 7 3 10 1 8 3 6 6 1 4 8 4 7 7 9 7 5 9 3 5 2 9 3 7 2 4 5 8 5 5 9 2 4 8 7 5 2 9 10 6 4 4 6 8 9 4 5 5 6 9 4 8 3 8 4 5 3 8 3 6 7 7 2 2 6 6 8 8 10 9 6 4 6 7 7 8 7 9 4 3 8 2 3 6 2 4 3 7 3 9 10 8 8 9 9 5 10 5 9 5 7 4 10 6 4 9 1 2 4 3 1 6 10 4 5 1 6 10 4 10 3 6 4 6 10 6 8 2 8 4 5 10 6 10 9 3 9 10 9 9 7 9 2 2 8 4 4 10 4 10 10 1 9 2 9 1 8 4 6 9 2 2 2 8 4 6 1 3 3 3 3 3 2 8 2 8 10 9 10 9 8 7 10 1 1 5 8 6 10 7 3 3 4 7 3 7 6 5 1 6 3 1 4 2 7 5 7 4 2 7 6 3 5 2 6 8 3 3 5 9 3 4 1 6 1 3 6 10 9 7 6 10 8 4 10 6 4 1 4 7 2 5 3 10 1 9 9 9 4 5 9 2 10 5 7 3 8 3 5 9 6 5 7 2 6 10 4 8 8 1 8 6 10 10 10 1 1 5 1 3 6 2 3 9 3 10 5 1 10 6 6 5 1 3 7 8 7 3 5 1 2 3 1 6 8 4 7 3 10 3 3 4 7 7 1 5 7 2 3 4 2 1 6 7 8 4 4 8 5 6 1 4 6 5 5 7 4 1 7 10 7 1 7 9 5 2 9 5 8 2 1 1 2 2 8 4 3 9 2 4 5 5 6 8 3 9 9 7 4 8 6 6
178 75
575 225
366 461
54 273
254 656
6 701
30 130
512 161
233 62
328 683
619 273
516 54
172 721
258 1
632 524
612 582
221 135
372 582
290 274
639 86
264 176
124 275
600 14
370 56
96 637
476 337
637 656
400 303
536 323
283 504
285 414
122 47
513 587
57 58
692 136
48 694
94 411
111 708
75 669
62 270
446 321
595 308
168 150
325 100
318 656
138 236
362 536
299 230
604 705
332 144
510 445
357 469
532 41
692 538
606 460
32 19
261 599
494 557
65 119
69 242
611 77
37 307
164 25
625 190
213 567
18 42
631 623
414 40
690 448
402 304
336 45
338 45
108 326
608 73
499 381
543 528
280 86
532 549
647 663
595 125
241 537
113 560
30 119
495 31
226 197
380 224
590 609
361 206
1 590
492 15
421 352
182 713
719 529
28 35
452 414
404 528
611 658
509 697
590 535
53 533
671 672
278 572
386 472
139 456
503 710
30 511
619 68
225 413
529 144
174 214
682 674
562 341
232 632
423 258
509 440
590 17
304 487
426 223
366 684
209 398
677 599
551 119
15 542
153 273
624 280
488 173
166 296
442 170
614 448
567 240
208 24
179 557
636 380
260 668
253 663
100 240
140 294
169 398
391 544
238 214
72 48
337 80
252 6
368 187
591 187
522 443
143 583
498 347
623 656
1 671
692 152
716 609
666 273
584 418
630 687
708 430
408 715
287 444
629 85
503 627
49 246
328 123
310 317
438 669
520 153
674 457
399 173
662 638
447 394
301 442
513 282
227 187
97 531
573 398
215 398
250 121
676 425
464 637
109 142
628 675
578 188
602 364
222 534
270 79
135 176
266 324
447 85
25 78
651 89
444 328
595 316
675 623
201 299
445 127
263 352
202 562
659 289
102 303
240 628
584 556
672 231
588 343
454 114
367 195
178 463
38 90
696 158
355 369
45 159
334 131
467 193
645 61
265 628
4 149
101 415
512 120
306 584
542 159
288 396
484 291
249 310
707 103
422 14
118 132
194 354
81 89
131 444
677 552
461 534
108 704
583 200
51 107
375 540
467 699
611 257
547 360
621 218
31 423
591 585
494 586
708 370
34 255
2 447
428 574
519 277
379 660
170 598
599 643
126 283
395 248
154 402
81 259
260 55
432 431
459 355
119 66
52 99
256 370
627 268
448 698
202 59
434 91
426 479
65 635
702 638
11 522
685 398
480 242
578 454
488 685
206 329
554 451
578 704
549 586
206 236
45 174
703 103
599 156
39 206
450 670
135 686
11 21
684 266
60 23
716 613
17 576
1 137
422 223
658 590
582 53
12 293
604 366
50 281
46 671
133 11
666 269
176 20
314 558
720 33
83 447
290 500
498 74
85 630
666 455
9 530
7 667
376 469
447 414
146 442
689 711
389 495
311 419
564 515
700 669
319 358
536 563
718 49
267 646
116 211
713 717
208 64
589 679
668 449
236 321
320 248
566 196
654 483
106 185
468 432
575 266
62 339
401 586
498 642
625 260
18 424
667 249
418 697
267 299
696 581
85 583
714 700
196 713
76 533
283 443
443 465
5 430
649 359
193 309
667 471
497 673
723 342
507 302
462 377
193 278
394 220
292 698
398 104
444 671
145 525
661 685
119 315
327 36
543 328
93 197
470 315
278 119
199 290
583 350
370 554
374 87
397 277
330 414
119 301
251 296
388 625
486 443
615 396
320 335
416 56
170 439
436 679
111 484
258 301
45 370
418 320
635 387
62 357
342 114
331 161
95 489
560 454
582 204
114 135
389 678
85 482
507 160
620 24
549 548
157 81
126 44
125 550
284 638
92 423
34 91
363 414
71 214
299 564
681 583
667 358
379 464
183 570
92 665
568 452
634 31
514 107
97 351
210 393
297 582
471 236
19 641
246 671
331 412
298 107
240 457
438 313
91 536
384 469
466 596
364 198
452 385
688 295
443 84
357 235
346 520
625 545
695 596
47 559
599 648
50 277
528 724
252 592
586 599
309 473
636 659
229 31
37 243
396 648
638 427
43 262
392 3
507 194
1 45
536 383
206 462
254 371
333 137
637 689
328 250
310 8
260 652
414 72
437 512
348 176
305 263
4 334
311 365
595 277
464 722
490 112
544 406
496 505
350 478
536 135
299 112
600 610
109 277
123 603
171 580
640 186
161 82
570 618
497 480
39 653
193 565
219 408
443 700
599 607
6 638
391 419
448 378
479 408
474 426
454 61
394 163
454 60
407 467
474 654
129 541
659 652
540 222
119 303
680 111
343 582
491 261
580 367
123 279
396 468
617 234
605 92
706 2
224 577
541 335
245 338
408 208
433 570
581 286
147 338
579 684
2 239
522 499
333 118
247 554
402 489
698 115
54 300
207 32
425 437
428 48
234 180
509 162
513 119
667 671
133 184
493 689
34 150
584 518
15 110
526 206
543 712
54 382
688 404
353 582
606 99
456 637
684 469
13 597
33 351
353 175
240 602
144 92
471 344
661 101
259 327
616 42
594 656
172 724
189 560
263 475
340 715
10 632
596 10
150 429
685 633
547 650
140 80
693 9
112 191
327 266
67 108
667 626
406 562
167 513
495 571
107 97
632 582
522 521
408 10
410 304
305 601
205 423
657 401
193 622
589 190
656 103
366 236
591 430
165 691
539 100
293 283
114 500
423 42
45 165
352 485
43 180
606 664
505 667
481 242
454 656
239 271
561 642
305 580
355 631
638 501
242 418
176 228
226 435
58 477
1 625
382 555
120 696
558 206
119 73
345 256
428 244
126 517
127 218
390 94
38 165
99 70
606 513
656 627
444 670
522 417
219 296
709 509
537 366
107 684
16 478
124 410
458 604
418 159
106 708
393 476
134 399
690 54
223 523
91 151
192 708
278 186
373 92
525 272
636 472
544 443
28 366
685 536
566 10
502 662
487 595
277 590
119 477
408 25
494 527
27 100
63 403
92 441
454 26
411 509
435 60
508 456
586 656
535 105
193 530
217 663
409 708
266 644
507 470
525 147
464 117
445 249
704 29
427 637
42 47
100 312
120 667
704 553
203 159
92 212
177 599
500 546
587 349
29 392
418 43
454 408
237 665
642 370
627 671
450 217
505 359
476 403
159 128
155 101
593 128
688 22
569 19
357 112
85 506
98 141
366 700
420 153
315 583
148 244
570 690
322 114
92 136
141 408
13 250
587 307
623 32
1 337
56 639
453 105
225 276
424 88
360 285
116 419
609 690
216 542
587 181
141 352
159 356
405 613
373 374
536 655
