794 559 64
9 2 8 5 10 4 4 9 1 8 4 6 4 3 3 5 8 5 10 8 3 2 5 10 3 2 5 1 3 5 5 2 2 8 5 6 6 3 8 3 2 6 8 7 2 5 4 4 7 10 8 4 5 3 5 1 7 1 10 7 6 3 3 5 5 4 2 5 8 9 8 7 8 6 8 10 10 6 3 5 7 5 2 3 5 3 4 7 5 5 8 8 8 1 3 3 9 8 6 9 8 4 10 4 10 1 6 9 1 8 2 1 3 8 6 3 3 8 10 3 4 5 7 8 4 3 1 7 3 3 1 10 10 9 1 5 4 2 4 5 6 10 6 4 6 1 9 4 3 5 6 5 6 6 3 2 8 6 10 4 5 7 9 1 10 1 4 10 8 2 3 9 2 8 3 8 7 3 9 7 3 8 3 7 7 7 8 3 5 2 7 3 3 5 5 4 1 6 7 10 5 3 10 8 10 10 3 2 1 2 6 3 1 7 6 2 6 4 2 5 5 4 1 6 8 3 8 7 10 9 9 1 3 10 1 5 7 10 7 10 6 6 5 8 10 10 3 9 3 9 9 1 4 2 3 10 4 7 10 8 7 9 9 3 9 5 3 10 9 10 1 9 4 5 7 4 5 8 6 2 5 2 9 2 8 9 5 9 8 5 9 8 2 8 10 4 3 6 7 6 2 8 7 3 3 4 5 1 6 7 7 4 10 2 5 6 10 2 4 4 10 10 8 1 10 10 8 1 5 5 3 8 3 9 4 6 9 3 5 6 3 1 2 4 2 10 7 4 4 9 7 5 5 9 3 5 7 5 3 10 2 10 6 2 4 5 7 2 8 2 8 9 3 10 2 7 5 10 5 1 6 4 4 4 3 9 8 3 1 6 1 2 2 3 10 2 3 5 10 6 5 3 8 6 8 8 9 1 2 8 2 4 5 7 3 2 3 6 6 3 7 5 8 9 8 10 6 8 4 10 8 2 6 6 6 5 1 8 10 8 2 5 2 4 4 2 5 5 1 7 6 2 6 8 10 6 2 8 2 2 5 6 2 2 8 8 5 3 3 4 7 5 2 5 3 1 5 3 1 2 9 8 8 8 10 7 5 10 10 8 6 5 3 2 1 6 3 10 8 5 10 5 6 5 3 8 4 8 10 8 7 10 4 5 5 9 7 5 9 2 2 3 5 3 9 2 2 4 2 8 9 4 1 6 5 5 4 4 10 1 1 2 3 3 2 9 6 4 10 6 4 2 1 7 7 4 2 7 8 9 1 9 3 1 5 8 9 6 3 3 9 10 1 10 9 4 9 7 8 3 9 4 7 4 7 3 8 5 7 1 3 10 4 1 8 3 6 2 3 10 7 5 7 5 7 8 3 9 4 5 9 9 9 8 4 4 8 9 7 7 7 4 3 8 9 1 1 1 2 9 3 2 6 9 8 3 10 1 5 4 5 5 10 8 10 7 3 1 10 5 3 1 10 9 5 5 1 5 7 3 6 1 4 2 10 1 8 4 2 3 1 6 8 2 3 9 4 4 10 2 6 5 7 5 8 1 1 10 7 3 3 8 1 6 8 8 9 3 1 6 3 7 8 9 2 7 3 5 3 9 2 3 3 2 1 1 4 7 9 6 3 9 9 8 3 10 9 8 7 3 3 10 1 9 8 9 3 9 10 8 2 7 7 5 1 10 3 10 2 3 10 2 9 8 6 2 4 3 3 1 8 9 4 4 7 9 2 10 5 9 5 10 3 3 2 3 5 5 5 4 2 2 4 3 9 3 8 4 1 7 10 8 7 9
393 673
783 468
43 572
575 607
118 208
466 706
418 739
257 699
740 662
778 369
403 412
504 281
110 318
293 31
396 324
298 160
267 782
528 396
276 396
285 215
57 365
86 350
96 446
689 499
735 561
514 384
744 443
329 523
359 460
426 319
547 267
452 361
261 727
301 611
627 301
787 727
669 430
681 489
737 322
360 575
142 334
310 424
153 492
250 120
445 181
202 177
772 95
14 286
452 734
178 649
615 207
518 177
379 584
240 595
15 238
183 26
193 729
713 577
645 663
621 446
91 576
117 612
786 358
455 363
536 711
398 683
764 746
7 391
447 536
753 758
565 400
236 22
730 205
336 286
226 434
519 587
85 442
286 521
485 498
525 413
159 77
595 348
543 127
268 505
593 726
45 111
375 31
342 252
195 438
571 765
578 664
557 93
274 451
394 372
736 652
527 623
585 28
413 718
64 785
343 115
632 367
720 178
25 769
682 79
168 256
547 609
100 410
156 460
218 390
523 171
721 417
601 763
375 101
158 558
229 553
4 608
139 142
317 290
423 218
223 544
665 718
236 315
203 298
6 128
471 449
331 137
378 150
2 213
404 642
779 105
534 454
84 481
230 272
405 518
351 8
569 426
131 288
160 35
125 280
177 244
207 179
186 325
586 105
315 465
239 251
232 181
413 355
788 175
452 43
486 1
437 245
18 342
290 453
713 404
540 719
43 302
85 179
43 198
517 733
602 506
42 4
193 23
245 248
283 597
92 326
446 211
483 130
356 120
635 222
219 71
111 466
543 41
421 41
490 9
663 196
216 502
600 265
737 6
3 589
172 413
306 129
709 571
501 242
20 164
253 749
492 239
700 484
63 600
405 588
675 1
185 52
585 204
261 285
750 264
190 124
418 622
279 691
16 242
673 476
753 493
785 497
83 362
293 249
190 328
401 553
344 105
363 687
24 90
486 2
70 447
783 608
615 79
125 259
674 330
752 548
249 595
524 690
181 203
773 569
556 58
169 426
92 182
258 557
192 309
312 781
93 498
452 253
488 315
145 423
362 59
470 259
419 74
141 635
88 524
270 530
313 168
740 636
367 325
553 701
257 247
120 558
733 358
431 133
658 391
388 716
37 596
336 657
526 274
292 645
22 697
166 170
640 459
43 233
635 761
652 386
212 648
457 227
301 186
727 772
522 506
473 648
375 545
163 343
216 560
198 80
667 331
514 289
546 426
173 372
387 172
260 239
443 258
177 166
518 483
569 495
577 738
732 345
411 249
354 125
416 673
357 635
33 3
154 506
266 729
249 626
790 116
752 326
535 469
532 236
226 189
270 452
383 744
478 12
122 317
573 542
756 490
542 187
686 375
103 210
5 688
120 82
680 321
26 192
581 615
601 155
71 506
472 585
172 235
600 420
574 448
256 471
404 526
701 487
183 527
21 287
360 73
620 218
336 794
174 685
441 112
659 700
52 602
277 692
446 669
555 28
609 506
359 703
659 503
206 67
616 56
621 496
398 388
2 726
74 198
734 311
74 1
2 372
293 702
638 281
353 430
566 369
609 282
377 410
481 670
760 190
479 613
308 64
254 177
108 136
755 483
774 169
391 440
456 590
701 293
685 199
433 123
186 643
603 775
395 751
261 214
108 713
339 334
413 108
370 776
324 673
120 81
146 34
257 492
30 536
737 533
272 338
772 208
536 474
48 269
491 293
314 18
110 770
513 238
164 610
411 373
531 271
325 48
474 120
112 349
746 307
173 768
747 129
335 695
414 440
684 331
347 295
165 754
31 558
16 317
556 763
503 454
200 265
231 499
678 562
320 624
789 54
147 705
198 599
120 116
112 95
148 600
492 410
778 128
409 181
111 368
325 61
455 698
327 772
580 731
613 177
75 311
417 62
599 512
307 179
673 722
461 251
171 520
343 781
151 609
151 717
732 120
649 314
742 477
427 12
382 17
296 524
756 608
125 436
131 379
784 773
297 394
55 492
765 428
492 295
625 639
693 694
402 167
494 16
486 606
270 191
467 375
661 508
317 77
568 140
74 144
479 477
293 108
340 352
408 273
72 137
483 592
484 190
136 32
34 745
329 788
181 337
30 341
605 365
469 212
513 594
85 771
423 29
116 220
99 219
675 514
34 321
230 113
446 2
539 663
278 142
730 476
445 444
293 299
639 66
482 396
406 410
78 667
184 618
89 620
97 732
741 108
177 408
63 236
577 223
716 751
486 117
183 47
609 658
213 403
569 218
367 102
579 168
603 511
209 394
6 776
754 238
462 692
759 196
304 729
110 246
733 333
315 651
50 626
339 582
180 376
523 707
694 334
650 641
425 42
563 495
114 532
143 168
154 6
46 29
408 67
773 515
142 785
234 364
49 355
17 22
698 108
721 25
626 704
606 371
474 750
513 142
569 44
336 435
10 172
194 71
221 133
433 654
537 179
590 587
549 241
694 570
256 721
380 333
677 510
4 486
153 103
140 489
135 249
738 283
715 98
554 634
638 317
28 36
620 432
505 506
181 366
30 660
31 180
396 728
443 238
652 295
531 505
192 672
635 559
63 300
448 653
659 656
519 211
723 209
287 619
502 97
399 132
423 5
763 6
188 400
284 234
249 77
484 351
644 493
226 94
134 341
294 763
354 589
372 719
775 654
509 609
793 694
710 336
120 241
492 255
280 119
542 335
180 110
583 19
314 512
275 42
262 380
217 550
60 537
792 794
174 345
654 343
362 678
27 40
330 255
365 111
789 603
1 19
142 507
552 592
592 617
727 580
484 305
543 260
183 126
179 296
429 463
2 696
719 628
719 310
307 486
177 727
336 659
51 42
65 672
630 232
27 257
263 161
655 719
188 616
177 74
225 694
176 64
288 387
447 324
109 29
86 375
541 621
219 39
779 603
625 724
464 425
551 113
523 142
291 293
198 614
161 18
689 320
247 181
721 640
483 450
392 177
261 714
374 82
575 91
767 25
106 149
696 53
475 228
654 87
729 749
226 392
660 668
106 113
673 222
512 777
791 161
575 492
302 598
389 754
186 446
197 94
619 399
542 113
137 121
375 661
418 378
396 34
248 181
439 247
631 323
218 333
654 113
506 429
334 279
486 513
2 529
257 735
737 164
536 17
597 679
408 678
224 11
357 647
715 732
766 341
76 777
188 257
526 762
748 307
671 517
129 609
652 757
551 564
780 318
211 37
102 634
452 648
125 117
253 480
323 334
167 669
73 38
186 604
549 346
71 775
675 157
681 550
500 347
640 484
265 646
307 407
11 316
105 765
569 1
69 620
77 107
676 153
247 293
332 55
389 516
310 133
639 536
228 699
654 307
624 385
709 481
247 352
169 422
147 558
505 204
585 618
407 712
275 111
104 87
763 663
253 591
701 489
708 211
337 237
333 234
243 430
108 152
316 375
195 27
567 561
315 418
303 201
640 639
448 469
450 460
315 303
314 743
381 540
43 399
725 455
293 486
397 647
233 667
1 510
13 232
117 689
641 721
388 2
247 633
476 752
458 505
689 90
538 151
564 637
747 68
126 692
12 637
43 183
138 763
689 740
153 162
688 578
629 446
681 666
173 415
457 752
138 758
