408 536 85
3 4 7 5 5 10 1 10 6 7 8 9 4 6 6 7 9 6 5 6 9 1 3 1 7 4 6 9 6 7 9 3 3 4 6 9 6 4 9 8 10 9 3 5 5 3 1 6 8 9 2 3 7 6 5 5 6 3 3 2 4 3 9 7 8 1 9 7 9 10 5 1 7 1 10 9 10 3 6 2 2 1 8 1 10 1 1 4 3 5 8 1 9 6 1 4 7 3 8 3 7 10 10 1 5 3 8 6 7 1 10 6 4 7 5 6 4 8 1 8 6 10 9 2 5 8 1 8 4 9 6 4 7 3 8 2 4 1 6 8 10 3 10 3 10 3 4 1 5 9 7 5 1 8 9 9 1 10 3 8 9 5 7 6 10 3 8 2 7 10 8 1 4 2 6 9 3 10 1 3 9 1 2 9 6 5 6 7 4 3 3 1 1 9 10 7 6 5 5 10 3 8 4 6 4 9 4 5 5 5 1 4 6 5 6 1 6 8 2 10 1 3 6 10 10 2 2 8 3 1 10 10 9 1 8 2 4 1 9 2 10 9 9 9 3 7 9 2 10 8 1 6 9 6 8 1 7 8 10 3 7 1 7 2 7 1 7 8 7 8 2 1 8 7 5 5 4 10 6 2 8 1 6 1 6 8 4 9 9 5 4 3 7 1 3 4 6 2 8 6 4 10 3 2 8 3 6 2 3 8 10 7 3 2 6 6 10 1 2 5 9 5 2 6 6 7 4 9 10 10 3 1 1 5 9 6 8 2 4 4 6 10 9 7 3 1 1 9 9 3 9 8 10 3 4 1 2 4 7 7 1 2 3 8 2 1 4 5 10 2 2 10 6 9 6 8 7 1 9 2 9 10 4 5 5 6 1 3 8 6 3 10 2 3 9 4 9 8 10 1 6 1 2 8 5 1 1 10
107 187
144 392
200 329
34 259
209 225
323 294
266 318
179 241
278 47
51 327
306 341
322 81
90 374
192 250
343 53
315 270
71 208
311 198
280 46
47 172
59 276
198 57
270 9
305 126
239 335
327 357
388 94
69 38
84 345
26 147
108 11
249 351
218 275
34 159
164 57
28 207
166 151
86 238
281 350
323 13
395 73
301 169
127 12
255 208
33 284
91 97
217 201
324 80
326 85
286 243
268 141
1 148
209 74
87 244
111 156
251 148
42 236
241 322
255 304
91 217
29 3
25 91
32 103
400 156
113 357
229 173
41 244
62 48
326 106
220 350
351 206
4 277
45 362
10 32
62 144
369 105
324 175
374 338
390 86
164 353
75 248
56 198
161 29
147 65
340 221
305 151
328 20
94 330
1 151
134 383
70 82
375 219
73 77
125 290
403 98
146 46
8 329
198 234
405 93
250 322
151 62
34 157
74 369
135 407
102 307
89 332
46 2
12 124
50 252
298 7
244 86
40 276
177 22
62 20
160 265
77 319
351 121
313 4
363 276
387 226
148 30
132 194
34 204
247 299
156 136
326 346
372 29
67 358
16 138
403 323
378 97
122 394
112 123
86 189
106 296
191 194
397 354
219 43
101 322
193 17
276 83
211 252
351 382
96 374
404 150
279 371
185 317
296 408
305 266
74 1
236 144
380 252
308 206
390 212
84 239
189 360
195 216
20 145
208 94
357 142
125 272
373 263
39 15
203 300
325 178
355 149
185 205
121 253
63 6
147 341
277 215
391 117
236 366
182 321
402 381
247 53
250 398
174 312
151 138
277 344
186 251
386 70
59 291
246 363
37 324
34 108
336 144
144 338
38 192
328 2
394 205
97 198
333 133
188 153
102 55
364 147
241 292
137 272
258 46
285 261
252 1
162 167
74 231
107 254
61 231
123 201
72 116
323 196
192 323
140 5
57 298
321 367
19 106
320 91
330 223
23 348
165 393
307 351
216 110
36 237
209 155
250 1
282 167
139 270
203 34
332 277
239 3
262 194
139 199
288 21
271 74
245 143
14 396
109 163
118 287
183 189
141 119
203 95
401 164
322 72
43 294
99 326
130 65
223 58
286 302
32 156
363 389
307 383
180 368
301 232
361 307
250 3
77 143
1 97
170 228
54 224
389 114
297 68
389 67
58 295
379 231
378 264
200 339
229 246
203 158
232 283
331 342
24 265
177 371
216 14
273 367
204 333
106 152
341 398
38 371
388 197
300 406
194 100
393 203
301 167
198 248
301 231
341 45
385 78
250 332
203 384
58 265
375 88
38 171
133 293
27 338
376 357
178 119
57 227
93 104
367 365
385 198
214 179
310 63
395 402
322 109
366 92
77 180
64 356
181 349
330 262
21 2
285 87
405 101
354 49
31 82
373 327
334 260
17 154
356 72
328 309
117 377
115 233
131 73
47 18
257 151
202 387
343 44
47 342
275 108
344 176
27 168
367 352
170 301
267 170
314 214
355 340
337 180
394 276
74 262
3 159
270 254
184 94
215 190
205 287
200 256
294 52
243 316
241 303
356 224
82 280
242 315
63 129
399 250
197 213
223 128
374 120
1 136
254 350
116 12
392 235
327 268
270 330
359 266
188 285
192 327
149 76
29 47
303 17
2 347
216 392
197 370
356 79
407 205
326 43
115 207
310 223
272 189
106 207
313 289
363 297
371 260
174 72
348 1
269 61
126 5
230 351
323 351
74 329
305 355
363 322
237 132
156 150
254 35
60 210
354 328
77 252
272 34
232 60
39 244
196 222
240 145
37 271
349 43
66 376
18 274
294 321
343 1
391 216
122 202
208 286
284 379
