598 494 25
8 4 5 5 5 2 3 4 2 9 6 7 8 10 10 1 3 4 5 9 2 8 5 8 3 9 1 3 10 2 10 3 10 6 10 8 2 10 9 1 10 3 7 7 1 2 7 2 4 7 10 7 7 3 2 10 5 3 4 4 9 8 6 3 1 5 1 5 2 7 1 4 10 2 9 6 5 3 2 10 7 9 10 2 3 9 6 5 2 2 10 7 4 9 1 4 7 1 2 9 6 4 4 6 4 9 1 1 4 10 7 2 5 7 3 8 1 5 10 6 2 9 3 9 2 3 1 3 5 3 7 6 1 2 2 1 2 1 10 1 10 1 6 7 6 5 7 2 2 4 3 5 3 5 6 6 8 2 2 9 9 9 2 3 8 6 3 8 3 9 2 4 4 6 2 4 2 2 10 8 5 3 10 7 7 2 9 1 10 6 1 3 9 3 10 8 3 4 10 6 6 3 1 2 5 5 7 6 3 4 5 7 8 9 4 8 8 1 8 2 10 1 9 1 2 3 10 2 6 7 1 7 10 3 5 8 6 3 6 7 5 4 1 9 7 3 4 3 5 6 7 3 7 1 2 8 5 1 7 6 9 10 4 9 3 8 9 4 1 8 1 5 7 3 5 4 2 7 2 5 6 6 2 4 5 4 6 4 8 9 2 10 4 9 4 1 2 2 10 1 3 7 7 3 2 3 4 7 1 10 7 6 4 2 3 1 3 1 2 3 2 6 2 6 7 1 4 10 5 1 1 5 1 2 6 1 3 4 7 8 5 8 1 3 1 3 4 6 8 6 5 8 5 8 1 5 2 2 2 1 7 6 10 2 9 4 2 4 7 4 7 1 10 5 5 1 5 3 5 10 10 1 9 4 9 3 7 5 3 9 6 10 1 2 2 5 7 4 5 8 7 2 8 7 7 4 4 8 3 6 2 9 7 3 7 2 10 8 6 2 7 6 8 2 5 6 3 9 8 7 10 9 3 9 7 7 8 1 8 10 5 2 4 10 10 8 7 8 3 5 5 6 8 5 4 4 1 3 6 9 2 4 3 3 8 10 9 3 7 9 9 4 10 9 6 4 1 5 8 10 4 10 8 7 4 7 4 7 10 2 8 6 9 9 9 3 5 9 10 9 4 3 3 9 4 10 5 5 5 9 8 8 1 9 5 1 6 2 10 2 9 5 5 9 10 8 10 1 9 10 10 4 3 9 6 9 4 9 3 3 3 8 7 1 7 6 4 1 1 1 9 4 9 4 1 4 4 3 2 9 5 9 9 8 8 3 10 4 3 8 1 3 10 10 4 4 2 4 8 6 8 4 2 9 3 4 9 9 6 10 1 4 5 2 1 5 3 4
134 409
399 375
360 299
307 549
78 34
401 319
441 389
510 48
201 387
374 513
489 470
15 289
179 58
403 304
427 184
316 171
565 210
552 585
198 554
550 271
300 354
313 359
505 247
318 169
227 255
520 186
129 509
210 19
522 433
114 368
52 156
360 329
570 331
204 430
92 303
232 581
373 407
368 22
158 240
540 302
461 395
431 277
327 400
268 111
76 283
571 596
593 112
205 542
302 223
62 119
289 512
14 370
437 108
270 488
583 476
216 211
464 121
373 26
546 565
39 347
296 425
427 377
195 423
70 132
331 157
559 235
339 259
266 105
99 53
404 376
192 299
463 14
19 258
371 258
107 364
276 235
437 105
47 146
587 473
80 4
182 181
145 596
253 555
332 345
252 12
348 67
126 253
480 216
304 1
54 118
42 385
127 151
71 31
65 571
366 378
2 270
4 87
588 461
481 523
393 264
457 454
448 165
155 46
473 281
296 93
590 233
474 273
595 125
172 446
596 324
97 239
180 319
390 289
32 112
315 542
280 185
419 107
344 421
523 458
70 75
331 495
314 241
461 557
365 434
304 480
570 400
438 487
551 321
337 334
110 6
206 183
283 385
481 21
504 53
355 488
265 113
213 358
155 187
584 543
548 127
322 33
175 499
391 475
427 418
127 164
437 326
139 53
530 298
161 39
1 229
61 370
113 57
97 387
22 129
374 511
193 74
31 496
519 113
150 236
528 306
94 96
478 564
594 487
405 392
8 64
126 45
386 496
428 496
184 502
499 403
453 14
347 540
245 81
443 104
225 444
117 571
419 451
185 228
74 349
561 4
154 269
385 333
525 387
547 112
586 310
269 37
189 110
494 290
67 103
229 365
589 292
316 13
585 271
23 120
208 38
541 22
325 138
355 369
113 500
115 463
350 266
225 230
94 300
132 422
496 340
3 520
408 269
191 6
454 1
211 183
26 219
590 328
286 35
86 136
314 432
14 319
234 259
132 299
533 55
188 228
256 323
565 167
597 96
598 472
464 310
505 46
127 13
429 327
488 136
582 414
561 480
190 542
263 463
419 141
535 161
214 230
347 197
380 218
336 142
421 39
162 126
574 496
501 256
279 596
160 297
370 300
373 126
70 477
148 162
410 205
484 571
330 238
341 518
190 179
215 105
381 546
404 38
73 116
203 94
569 517
556 471
348 579
137 464
563 440
573 113
478 14
519 292
374 204
498 19
552 98
249 437
111 332
98 379
373 332
330 318
116 450
82 340
509 365
281 493
47 310
406 463
68 361
431 253
579 378
98 94
285 259
166 256
232 399
529 288
527 302
342 178
353 449
580 93
467 218
8 433
4 159
483 272
29 322
391 497
438 258
291 526
459 393
147 133
164 503
122 529
108 128
448 113
258 308
151 221
544 82
361 181
361 582
505 392
384 522
88 212
222 360
249 508
36 161
536 290
422 212
14 220
159 196
100 465
331 184
223 591
331 24
9 345
532 69
205 562
473 358
447 225
567 413
502 363
142 470
224 422
126 94
562 233
248 341
482 411
304 497
287 474
227 137
402 188
228 92
479 162
186 351
392 181
594 20
18 304
431 243
297 194
523 538
403 39
33 465
242 411
41 78
96 553
103 310
280 486
199 581
280 301
102 585
269 13
510 256
416 229
99 338
147 162
514 67
103 374
320 443
579 396
595 470
233 421
432 294
276 295
275 306
397 549
584 229
578 43
456 435
312 295
549 49
437 138
300 229
316 256
403 24
120 138
103 95
199 367
244 564
236 186
90 217
229 112
251 585
83 250
575 261
424 437
457 529
572 389
330 305
152 467
490 475
160 316
382 127
106 395
128 149
323 334
185 181
576 62
370 153
52 521
360 580
223 168
25 253
383 161
454 134
316 138
69 126
1 464
515 250
53 132
167 84
27 379
341 534
278 158
454 525
47 257
303 460
116 394
99 259
79 269
56 316
6 332
491 137
592 521
367 335
520 461
466 394
253 177
545 43
457 380
596 112
176 135
62 382
198 485
297 66
298 323
411 509
199 598
226 372
172 310
520 304
420 391
443 287
416 341
412 493
177 393
374 235
195 132
210 443
567 202
170 445
435 290
562 260
226 471
267 116
496 307
140 348
261 5
96 556
513 63
83 449
229 488
60 55
127 385
98 569
526 276
126 307
174 23
169 241
560 24
74 262
311 502
341 426
233 30
18 301
198 13
321 359
241 545
14 131
403 116
231 412
449 431
531 453
100 304
436 331
412 44
132 307
552 583
198 452
330 280
419 16
385 144
492 487
403 74
500 388
536 417
45 237
229 316
346 550
437 357
50 357
596 209
116 528
440 180
343 457
91 232
142 107
357 309
40 554
22 289
11 60
379 483
51 286
437 293
317 500
362 389
82 274
217 532
572 253
52 310
454 523
254 48
316 524
545 54
415 561
507 488
450 537
124 109
76 539
442 395
436 245
453 282
265 469
17 94
163 585
465 173
591 506
124 345
288 176
373 10
186 468
533 352
575 134
454 284
491 577
77 216
356 133
261 246
128 60
177 456
24 59
460 143
367 398
89 326
581 228
494 178
41 355
256 455
7 136
413 458
326 286
516 85
85 557
19 596
56 123
470 113
28 554
175 200
462 431
207 36
301 158
566 73
370 493
461 113
18 522
549 568
361 558
347 445
225 269
404 39
439 310
542 101
130 229
338 12
321 171
72 353
