311 506 69
5 7 8 4 6 2 1 9 4 1 9 3 1 7 2 9 5 6 7 4 4 1 10 9 5 7 6 1 7 9 5 3 7 5 2 10 4 10 7 8 4 8 8 2 3 2 10 1 4 8 4 2 10 9 6 6 7 6 1 9 1 3 1 6 2 10 10 10 10 5 10 9 1 7 8 4 6 5 1 1 6 6 6 9 7 9 4 6 4 2 9 8 7 1 3 9 3 6 3 7 10 6 6 3 10 10 10 4 6 4 2 3 1 7 1 3 6 3 6 9 5 9 9 2 2 1 1 9 10 1 5 4 6 5 8 7 9 4 3 5 9 6 8 2 9 7 3 2 10 8 4 5 10 2 2 4 1 4 5 10 4 4 4 5 6 6 1 2 4 7 1 6 7 9 5 10 3 6 4 7 2 4 1 2 4 3 8 5 2 8 2 6 9 5 8 5 2 3 4 9 1 2 9 9 4 1 9 4 5 9 6 6 2 4 1 6 7 6 2 8 2 3 8 5 10 1 4 1 6 8 1 5 10 6 2 10 7 5 7 4 1 6 3 6 10 3 4 3 10 7 8 1 2 1 8 9 7 10 3 10 1 6 9 10 7 7 2 9 8 10 8 10 10 8 5 6 6 7 10 10 5 9 1 6 5 3 5 1 4 5 2 6 9 7 10 8 6 7 5 7 8 6 9 8 2 2 10 10 7 8 9
190 101
309 65
301 107
143 290
77 175
7 218
241 177
85 10
48 83
73 27
289 263
62 294
150 266
145 108
191 7
20 16
145 136
94 221
248 144
234 270
185 97
68 247
43 15
138 197
3 305
24 7
128 63
22 309
125 148
98 64
45 168
67 239
50 302
90 165
48 2
226 216
309 205
23 21
158 107
202 159
173 27
283 274
36 76
238 217
150 202
212 131
140 232
176 91
227 134
220 216
231 269
220 207
41 229
298 129
292 258
74 25
271 175
14 108
242 186
294 305
95 7
290 304
252 9
226 105
206 87
47 245
81 45
284 18
51 94
8 20
167 200
210 114
7 50
136 74
237 244
148 208
94 17
74 211
165 29
146 253
309 227
90 115
236 192
95 57
38 137
39 43
1 50
22 238
101 38
184 127
277 145
250 115
167 286
85 143
125 307
128 275
175 160
141 1
129 30
25 268
222 1
22 16
302 97
264 119
134 223
285 214
132 106
23 311
111 293
82 138
22 280
85 157
215 9
53 16
48 198
170 263
38 288
83 243
52 32
239 248
56 36
204 267
226 251
224 7
311 273
145 1
162 246
230 278
255 290
163 194
55 296
262 197
105 84
260 136
241 161
6 1
86 140
249 2
180 111
196 79
281 2
6 280
258 143
193 34
44 242
277 234
142 26
212 47
111 151
167 181
308 249
22 252
1 137
216 241
58 154
252 242
39 197
182 140
99 75
233 153
291 270
305 124
179 121
70 7
113 212
84 187
142 102
15 111
90 11
56 297
278 71
79 114
134 99
203 74
275 290
306 294
238 4
248 66
89 244
117 277
23 192
276 137
96 139
255 87
103 183
7 172
156 141
200 136
96 22
46 60
102 57
287 164
240 1
23 16
147 89
124 120
258 274
73 111
50 235
183 168
195 64
88 110
263 78
255 13
310 281
115 106
202 240
235 250
204 160
61 141
240 49
103 295
69 80
28 50
272 109
16 265
294 216
48 263
235 279
31 301
164 111
46 172
22 153
36 100
284 229
107 277
208 127
89 184
114 36
272 252
83 255
178 40
277 48
80 17
282 48
152 145
6 178
199 269
111 1
80 248
55 47
91 219
264 184
228 28
92 238
51 188
93 303
135 140
130 141
20 98
255 47
58 93
175 88
223 42
213 80
104 122
114 60
180 225
235 126
148 300
298 264
140 209
68 310
116 112
94 58
174 25
127 80
111 257
172 254
80 171
12 215
35 64
95 72
175 27
9 229
19 306
169 20
34 191
299 92
48 155
141 253
50 123
118 168
1 127
219 133
54 198
149 265
135 278
294 15
2 168
256 228
201 41
59 109
149 261
214 56
294 104
115 246
135 92
5 70
179 297
39 33
189 268
116 219
9 163
32 9
17 166
289 37
1 231
91 305
46 259
