78 87 5
100000111000100011101101010010111000111100110111000010000110101111011101000111100100000
001000100011100111001100000100111111001011011101111011001010001011001001111000101000000
100010101111011000110010101010000000111110111101011110100101101011011101011101101011111
000000010011110000101111001000000011001101000010010011000011100110100101011101000001010
010001111010111100110110101001010110001101101110001111011111110001111011011001001001111
011101111111100111011100000110101110010000010011011101000101001001010010100000001001111
101001011100010000100010100000001001011011001010010001001111001110000000010001100011110
110010111011010111000111011000110101111101101001000011111110011001100100001000010100101
001100000100000111011100100010000011010111110011000000110000101111111101101001101100010
110000001111110110010000111010111100110111101110100100010100011110100100100100100101000
011100001111011111110111001101011000110110100111100110001001011110110001010111101001000
001111001001100111100001001010010001001101101110100011000011101101010000001111100011001
000110011111000011100001011011000111011110111110100111010111001011100101101010100001001
11110100101011010011100100110001011001110100011101001110000001111111110111110x111010100
010011001001010000010011110111110001101111111110000001011100010111000101110001011001110
101011101100111010000110100011100110011111010011000000111000110001101111101011111010011
111010010011101010110010100000100000000001101100001101011100011011000101000011110111001
001100100100011110001100111101011000011110011010110001000101010011100011010101011111010
000010011111010100110101111111101100111000010011000111100010010111000011111111110111110
000001101101101010011100001111101010100010110011001000010010001100000111101000001010010
010110101111000010011000011101110101101001111001000101000101010000001101001111011100010
111011001101111001000111011111111100100100110010000100111111100010101110100110100100001
101010001100010001010111111101001101111001011001011111100010000010000101011101111010101
011000110001000000110000110111000011111000101111011100110101011011101001000101111110001
010011010000110011111101101011111000101110000000011011001100011110101100001101011001000
100101100000010101011001000100011111010101101001110101011011011000100001110011110111111
000010001110101000100011100110111001101111011010010000100100100011110001101001111101001
010110011111100000100110000110001110101001111011111001111100011001001101000011100111011
100001010000010101110111001100101111001111001100101010100011000010001000000111010000111
011001010110010011101111011101111000101100100000101000101010100111101101010111101100011
001010001010101110000010011110010101000011001100101110001010100010000100011110011000101
010010110010110101010110101000101000101000001101100100000111111010000100011011011001111
111010011100100100111111101110010111101001110110100100001000000001011111011001110011101
101011110101111101011100001011111111101000001001100100101001010001000101100110000001100
000111100000100010011101000001101101000101100101000010011100011011001010111110101100110
001010000011101011000011010110001111010000010010000110111110001011101000001101110100101
111110011001111011111101100111100100100010110010001000010000000100110101001011110000011
001100111000111111010101010100010111000110000101100100100101010110000101111001010001101
001010101011010001011001001110101000111001001001000111101011101110101001100010110011100
111100010111000011011010100111001101000010110101110011111001001110101010000010010111011
110001110111011101101010110110000010001001101010110110011000001111001110101101010000111
001101000111010000010100000000001101100110001111000000011110101100011111111000101010111
001111100101001110001101011110010111111011000000011000101011111000100110110000001011110
110010011101111010011011110101101001001011100010001101100100101111001111001110100011011
011001100110101000100000011011001001000110000111101101011110110000100000001000111010001
111110010001101110010101001010011100110100000011011101000111101110100011011000010101101
111100001110010110100000011011001110011000011010110000000100111101010100100000011101110
110101010001111100101011101000011110010111000100001101101000010001001100110010100100011
111010101011010011011110010100010001011101101111001111100010101010111110110010001100101
001111011000001000110111000011011001001100000001000001100100101001000000001100011000000
010001001110000011100111010000110100010101000100010100110011001010100101000010101110100
011001010111010100101111110010101111111100011111111010011010100000110100010110111101001
100001100111010101110101110011001111100010000000010111111110011011010001100001000011101
010010110000111101011011001001001101101010010011100100000010010111010100001101000101111
000110011100011001110110111001100110000100101111111011001001001001001111110000011001001
100101111000001111011011100011011101101101011101111111110110110101011001110110100100001
000101101100000010001111011101001001111011110001110100000101100000110101001101010011000
110010011011100011001101011001001010110000001001110000010000101110100000000011011101100
110010101001010100010111001001011001100001010101111001001101011011001000011101100001011
000010000101111101010010010011000000101001100010000001011110010000000111010111000110000
011111101100000010101101010101110110000011010101110100111100010000100100011011001010101
000001110010100101001111100110101100000000111010000101100001100010011001101001101100000
000010001000011011000111010010000101110001000100011010111100110001000100010010100001000
100001110001011010010101100111000000000101111011111101011010001101100111000101111100110
110111000100100000010010100101010111010010011001000110001000000111101010100011000101010
000011011010111100110111110111111010101100100000110111000110011111100000001100101100001
000101101101101110011111011100101111111100111010001010010001110111000100001111110001011
010001011110010000101101001010101011001001001100110010110001011111010101011010000010101
001000000110001111111101010000100011101101010011000101101001101001100101101110000111000
011101001010111001010001101000111101110000111101101010011111100000101100011001110010110
001100111101110000110101001110000010001111001101000111110010100100111101011101001011110
111010010111100111011001111101101100111000100001110010010011111110011111000001001010001
111010110110110100111101110110000111011010010101000010011000101000111001010101000101111
011110000001110010001100010110100100000111111110010011101001110100111100000001010011111
001110010001000111111101100111010111001111000000000100001000101010000110111101001000001
111011010101110101010001101001001001000100001010101011110110101010111010111111101011111
111011101001111111001001110010001001110100100101001010101011000001101110001111011110111
010000001111101011011010000011100101000111110101000011001000100111001011001111011110001
100000111000100011101101010010111000111100110111000010000110101111011101000111100100000
001000100011100111001100000100111111001011011101111011001010001011001001111000101000000
100010101111011000110010101010000000111110111101011110100101101011011101011101101011111
000000010011110000101111001000000011001101000010010011000011100110100101011101000001010
010001111010111100110110101001010110001101101110001111011111110001111011011001001001111
011101111111100111011100000110101110010000010011011101000101001001010010100000001001111
101001011100010000100010100000001001011011001010010001001111001110000000010001100011110
110010111011010111000111011000110101111101101001000011111110011001100100001000010100101
001100000100000111011100100010000011010111110011000000110000101111111101101001101100010
110000001111110110010000111010111100110111101110100100010100011110100100100100100101000
011100001111011111110111001101011000110110100111100110001001011110110001010111101001000
001111001001100111100001001010010001001101101110100011000011101101010000001111100011001
000110011111000011100001011011000111011110111110100111010111001011100101101010100001001
111101001010110100111001001100010110011101000111010011100000011111111101111100111010100
0100110010010100000100111101111100011011111111100000010111000101110001011100x1011001110
101011101100111010000110100011100110011111010011000000111000110001101111101011111010011
111010010011101010110010100000100000000001101100001101011100011011000101000011110111001
001100100100011110001100111101011000011110011010110001000101010011100011010101011111010
000010011111010100110101111111101100111000010011000111100010010111000011111111110111110
000001101101101010011100001111101010100010110011001000010010001100000111101000001010010
010110101111000010011000011101110101101001111001000101000101010000001101001111011100010
111011001101111001000111011111111100100100110010000100111111100010101110100110100100001
101010001100010001010111111101001101111001011001011111100010000010000101011101111010101
011000110001000000110000110111000011111000101111011100110101011011101001000101111110001
010011010000110011111101101011111000101110000000011011001100011110101100001101011001000
100101100000010101011001000100011111010101101001110101011011011000100001110011110111111
000010001110101000100011100110111001101111011010010000100100100011110001101001111101001
010110011111100000100110000110001110101001111011111001111100011001001101000011100111011
100001010000010101110111001100101111001111001100101010100011000010001000000111010000111
011001010110010011101111011101111000101100100000101000101010100111101101010111101100011
001010001010101110000010011110010101000011001100101110001010100010000100011110011000101
010010110010110101010110101000101000101000001101100100000111111010000100011011011001111
111010011100100100111111101110010111101001110110100100001000000001011111011001110011101
101011110101111101011100001011111111101000001001100100101001010001000101100110000001100
000111100000100010011101000001101101000101100101000010011100011011001010111110101100110
001010000011101011000011010110001111010000010010000110111110001011101000001101110100101
111110011001111011111101100111100100100010110010001000010000000100110101001011110000011
001100111000111111010101010100010111000110000101100100100101010110000101111001010001101
001010101011010001011001001110101000111001001001000111101011101110101001100010110011100
111100010111000011011010100111001101000010110101110011111001001110101010000010010111011
110001110111011101101010110110000010001001101010110110011000001111001110101101010000111
001101000111010000010100000000001101100110001111000000011110101100011111111000101010111
001111100101001110001101011110010111111011000000011000101011111000100110110000001011110
110010011101111010011011110101101001001011100010001101100100101111001111001110100011011
011001100110101000100000011011001001000110000111101101011110110000100000001000111010001
111110010001101110010101001010011100110100000011011101000111101110100011011000010101101
111100001110010110100000011011001110011000011010110000000100111101010100100000011101110
110101010001111100101011101000011110010111000100001101101000010001001100110010100100011
111010101011010011011110010100010001011101101111001111100010101010111110110010001100101
001111011000001000110111000011011001001100000001000001100100101001000000001100011000000
010001001110000011100111010000110100010101000100010100110011001010100101000010101110100
011001010111010100101111110010101111111100011111111010011010100000110100010110111101001
100001100111010101110101110011001111100010000000010111111110011011010001100001000011101
010010110000111101011011001001001101101010010011100100000010010111010100001101000101111
000110011100011001110110111001100110000100101111111011001001001001001111110000011001001
100101111000001111011011100011011101101101011101111111110110110101011001110110100100001
000101101100000010001111011101001001111011110001110100000101100000110101001101010011000
110010011011100011001101011001001010110000001001110000010000101110100000000011011101100
110010101001010100010111001001011001100001010101111001001101011011001000011101100001011
000010000101111101010010010011000000101001100010000001011110010000000111010111000110000
011111101100000010101101010101110110000011010101110100111100010000100100011011001010101
000001110010100101001111100110101100000000111010000101100001100010011001101001101100000
000010001000011011000111010010000101110001000100011010111100110001000100010010100001000
100001110001011010010101100111000000000101111011111101011010001101100111000101111100110
110111000100100000010010100101010111010010011001000110001000000111101010100011000101010
000011011010111100110111110111111010101100100000110111000110011111100000001100101100001
000101101101101110011111011100101111111100111010001010010001110111000100001111110001011
010001011110010000101101001010101011001001001100110010110001011111010101011010000010101
001000000110001111111101010000100011101101010011000101101001101001100101101110000111000
011101001010111001010001101000111101110000111101101010011111100000101100011001110010110
001100111101110000110101001110000010001111001101000111110010100100111101011101001011110
111010010111100111011001111101101100111000100001110010010011111110011111000001001010001
111010110110110100111101110110000111011010010101000010011000101000111001010101000101111
011110000001110010001100010110100100000111111110010011101001110100111100000001010011111
001110010001000111111101100111010111001111000000000100001000101010000110111101001000001
111011010101110101010001101001001001000100001010101011110110101010111010111111101011111
111011101001111111001001110010001001110100100101001010101011000001101110001111011110111
010000001111101011011010000011100101000111110101000011001000100111001011001111011110001
