0 19 1
0 9 2
0 4 4
0 2 8
0 1 16
0 0 32
1 1 33
2 2 17
3 4 9
3 3 18
4 4 19
5 9 5
5 7 10
5 6 20
5 5 40
6 6 41
7 7 21
8 9 11
8 8 22
9 9 23
10 19 3
10 14 6
10 12 12
10 11 24
10 10 48
11 11 49
12 12 25
13 14 13
13 13 26
14 14 27
15 19 7
15 17 14
15 16 28
15 15 56
16 16 57
17 17 29
18 19 15
18 18 30
19 19 31
false
0 19 1 34
34 19 15 11 6 8 6 4 3 4 2 6 2 3 2 2 1 1 1 
14
34 19 15 11 6 8 6 4 3 4 2 6 2 3 2 2 1 1 1 
false
0 2 8 3
true
0 4 4 8
true
0 9 2 16
false
10 19 3 14
false
0 19 1 30
30 16 14 8 6 8 6 3 3 4 2 6 2 3 2 2 1 1 1 
15
30 16 14 8 6 8 6 3 3 4 2 6 2 3 2 2 1 1 1 
false
0 4 4 6
true
8 9 11 3
false
5 9 5 7
true
0 9 2 15
false
0 19 1 29
29 15 14 6 7 8 6 3 3 4 3 6 2 3 2 2 1 1 1 
21
29 15 14 6 7 8 6 3 3 4 3 6 2 3 2 2 1 1 1 
false
10 12 12 4
true
10 14 6 7
true
10 19 3 14
true
0 19 1 33
33 15 14 6 7 7 6 3 3 4 3 4 2 3 2 2 1 1 1 
19
33 15 14 6 7 7 6 3 3 4 3 4 2 3 2 2 1 1 1 
false
0 9 2 13
true
0 19 1 31
31 13 14 6 7 7 6 3 3 4 3 4 2 3 2 2 1 1 1 
12
31 13 14 6 7 7 6 3 3 4 3 4 2 3 2 2 1 1 1 
true
13 14 13 3
true
10 14 6 9
true
15 17 14 4
true
15 19 7 8
true
10 19 3 19
true
0 19 1 36
36 13 19 6 7 9 8 3 3 4 3 4 3 4 2 2 1 1 1 
7
36 13 19 6 7 9 8 3 3 4 3 4 3 4 2 2 1 1 1 
true
0 4 4 8
false
0 9 2 15
true
0 19 1 38
38 15 19 8 7 9 8 3 3 4 3 4 3 4 2 2 1 1 1 
4
38 15 19 8 7 9 8 3 3 4 3 4 3 4 2 2 1 1 1 
false
13 14 13 2
true
10 14 6 7
true
18 19 15 3
true
15 19 7 11
true
10 19 3 19
true
0 19 1 38
38 15 19 8 7 7 11 3 3 4 3 4 2 4 3 2 1 1 1 
9
38 15 19 8 7 7 11 3 3 4 3 4 2 4 3 2 1 1 1 
true
13 14 13 3
true
10 14 6 9
false
10 19 3 20
true
0 19 1 39
39 15 20 8 7 9 11 3 3 4 3 4 3 4 3 2 1 1 1 
16
39 15 20 8 7 9 11 3 3 4 3 4 3 4 3 2 1 1 1 
true
5 9 5 11
false
0 9 2 19
true
0 19 1 43
43 19 20 8 11 9 11 3 3 4 3 4 3 4 3 2 1 1 1 
10
43 19 20 8 11 9 11 3 3 4 3 4 3 4 3 2 1 1 1 
