100 200 54
56 38
25 22
63 25
1 62
75 5
100 54
89 59
50 88
16 79
57 16
70 86
92 11
67 9
46 51
13 58
4 21
95 80
42 58
56 94
71 31
51 70
36 39
80 85
26 96
15 82
11 84
67 54
46 34
62 92
36 75
1 91
47 95
71 88
4 26
82 27
8 32
96 43
70 28
79 47
23 93
28 85
28 47
39 74
32 100
17 67
26 17
9 72
63 79
12 67
57 45
93 16
28 40
59 49
67 89
95 41
34 74
26 61
20 16
34 3
15 50
21 93
18 30
16 81
60 79
47 16
23 91
32 2
82 42
50 49
82 96
89 15
70 66
76 41
81 61
96 48
63 16
92 80
45 7
60 57
86 58
72 60
100 55
62 82
48 63
11 70
96 32
88 23
24 20
84 19
67 46
35 58
25 31
17 37
87 2
94 11
13 94
17 26
27 65
41 8
77 93
82 16
16 5
36 99
76 2
96 62
12 72
92 28
8 31
81 54
41 45
99 57
71 25
73 11
32 70
13 60
15 94
76 30
50 11
80 77
64 75
38 27
46 30
6 54
60 38
59 52
83 57
60 53
81 33
15 64
54 27
23 68
72 98
49 73
60 28
50 24
2 87
2 100
16 8
53 27
45 63
78 27
19 38
31 51
22 97
14 27
75 36
95 46
86 43
19 45
20 24
54 22
23 22
81 27
100 25
89 30
4 59
67 86
9 40
83 22
66 9
10 12
55 95
7 25
91 29
44 11
4 49
84 79
70 64
57 22
40 98
51 43
56 69
29 65
8 63
38 25
23 47
37 77
93 95
1 84
23 96
46 26
45 29
56 14
44 13
35 83
10 37
78 17
5 58
33 12
72 71
37 94
69 25
71 62
19 23
45 93
19 42
70 63
22 26
28 65
90 15
