356 998 21
73 6
7 141
210 252
220 332
190 12
91 228
207 145
148 103
263 324
72 291
237 21
176 70
344 320
327 84
288 63
104 204
268 310
344 321
205 51
296 39
263 230
266 113
19 258
59 281
69 330
59 306
194 79
19 181
242 345
264 174
251 212
21 6
165 209
326 214
259 109
252 9
339 5
322 1
106 24
125 175
354 27
124 191
105 142
216 347
330 323
8 224
178 228
229 187
80 42
44 183
150 139
191 332
143 156
176 249
24 144
67 21
171 34
55 119
175 270
309 148
237 316
215 258
188 287
288 111
172 331
137 321
113 328
141 100
327 316
348 350
104 258
214 118
135 113
236 309
26 189
300 106
148 2
208 179
132 139
134 303
114 270
111 70
85 251
169 256
55 4
93 158
105 307
275 239
263 154
35 132
186 178
238 334
179 289
356 310
71 133
100 28
247 55
98 331
305 110
230 3
314 323
4 262
117 278
145 23
276 23
354 105
201 79
282 223
11 126
177 82
258 120
109 148
174 50
4 196
325 317
6 173
66 322
294 54
188 57
77 186
162 277
264 287
143 275
56 163
200 158
127 152
305 300
202 115
266 49
155 79
209 160
95 274
326 32
328 157
89 48
186 94
168 94
24 154
212 280
317 55
81 287
206 229
74 251
344 184
299 142
262 351
145 200
269 114
231 240
115 163
131 300
256 298
237 124
95 292
47 255
346 127
29 40
199 103
134 186
286 277
327 35
271 316
234 183
273 308
266 31
115 40
175 214
181 255
337 276
191 227
18 24
197 47
263 40
349 41
225 278
317 40
312 75
199 189
102 115
140 11
346 98
51 8
312 231
262 136
350 296
7 212
320 203
102 226
86 94
110 155
15 70
194 170
345 236
2 90
350 341
100 183
283 350
190 238
69 296
217 262
235 223
117 42
270 62
112 355
155 221
153 13
135 190
182 123
69 27
212 263
212 155
89 138
149 123
219 217
262 79
122 340
302 83
26 59
144 337
57 143
201 210
155 335
243 337
301 312
7 156
155 350
199 303
316 61
7 221
340 328
49 129
254 274
187 42
254 243
184 98
296 182
277 183
162 221
338 13
21 43
74 175
236 117
321 196
21 171
60 4
142 108
132 40
225 318
281 122
49 308
220 344
133 140
14 139
4 351
351 224
237 68
242 117
184 50
312 205
220 215
52 6
167 184
245 35
145 169
157 193
320 220
25 96
203 38
78 50
233 72
118 113
340 3
73 11
53 228
59 116
87 111
121 97
294 209
331 282
221 131
319 184
194 343
124 40
224 201
290 100
117 51
57 100
53 329
110 305
201 169
65 131
123 29
71 60
82 45
185 302
20 347
330 213
177 97
97 45
141 30
344 101
80 244
200 332
217 154
125 261
166 33
235 288
261 305
191 342
193 19
132 212
10 105
269 186
45 9
74 29
238 62
330 161
149 17
336 209
170 104
113 179
336 191
110 241
139 300
70 332
163 201
31 172
149 299
201 37
151 275
266 32
180 239
192 328
255 16
25 269
119 137
91 299
328 201
27 310
344 96
129 150
141 160
165 133
102 210
170 253
328 279
128 151
161 164
322 259
179 346
171 141
327 262
83 142
306 109
295 293
49 68
287 189
227 295
321 172
148 334
68 119
256 40
113 260
203 279
163 25
112 333
165 82
82 92
67 31
200 6
168 248
273 298
280 343
80 245
158 228
66 70
190 166
109 147
69 311
69 75
179 180
252 187
106 333
278 172
208 122
21 219
213 293
160 137
279 83
225 281
310 134
350 344
299 302
134 212
100 46
286 278
225 181
108 174
2 30
346 209
351 210
271 51
347 274
187 113
356 255
37 154
33 30
141 331
175 118
186 274
163 316
195 231
340 147
49 341
20 238
37 14
91 307
64 281
68 95
38 68
349 74
221 25
304 205
200 122
322 229
240 328
188 278
202 16
68 250
200 87
331 237
300 266
31 208
190 99
302 227
166 294
145 230
163 292
78 6
57 43
234 140
14 266
62 59
281 129
153 324
60 127
204 3
36 79
54 70
21 355
140 30
137 284
259 299
63 336
148 320
222 225
103 79
134 164
137 258
137 133
226 196
260 273
42 139
195 96
52 215
294 192
244 274
319 146
60 26
325 207
345 34
76 91
112 53
99 93
155 235
225 224
274 328
140 159
111 179
98 6
37 36
197 281
309 4
270 13
29 83
63 217
116 338
151 72
235 249
8 33
327 76
100 244
248 83
247 202
261 344
207 298
223 48
66 20
51 179
232 279
261 294
139 221
276 289
136 154
26 343
30 352
262 129
84 153
211 330
354 116
161 205
257 28
96 166
47 346
344 278
268 93
59 250
157 334
26 292
331 51
122 204
247 27
332 330
24 31
147 21
346 307
69 90
334 8
255 224
353 242
145 108
334 204
201 134
25 227
269 200
121 234
47 11
105 223
340 128
97 130
348 86
281 261
175 258
268 273
126 109
158 114
60 336
161 261
313 30
131 226
229 95
303 119
106 51
341 89
22 281
63 14
210 343
274 228
88 29
144 57
337 302
171 41
301 81
204 275
150 76
13 97
195 318
347 23
51 13
148 313
26 1
229 230
15 16
287 352
161 301
36 285
119 180
10 167
298 3
242 154
99 280
116 90
147 10
302 294
322 327
138 108
313 10
181 327
226 111
322 30
255 201
159 218
224 12
28 165
14 113
319 313
237 78
246 227
87 191
164 252
5 301
203 317
155 27
287 24
338 97
253 236
141 255
97 9
266 324
173 124
81 335
80 317
256 325
187 186
3 194
81 7
338 127
323 136
154 97
3 135
37 100
214 178
354 311
30 264
278 202
31 202
25 110
6 280
278 192
310 280
229 234
286 211
5 96
190 158
192 37
136 73
136 349
250 133
147 279
40 269
324 270
114 192
223 120
116 144
155 269
267 228
146 40
282 150
135 315
151 171
351 130
243 130
323 336
107 113
102 146
225 269
260 183
105 126
302 64
114 300
332 224
171 121
264 296
115 42
255 109
56 249
239 298
223 49
121 329
161 222
318 230
135 221
56 83
191 201
146 304
144 121
171 159
85 278
298 43
164 196
152 219
89 234
5 155
282 325
127 286
191 88
3 169
153 58
95 343
258 240
134 246
204 148
248 132
270 189
175 77
29 170
295 317
247 143
115 172
112 85
301 146
16 304
158 168
5 252
354 107
135 331
352 182
123 243
313 36
275 131
312 303
144 250
107 34
237 221
49 348
305 350
337 321
141 138
332 345
33 330
95 11
304 290
192 270
20 348
149 295
323 104
241 110
198 192
144 78
56 192
269 205
29 249
13 169
30 188
2 262
5 296
272 153
230 307
66 93
298 59
31 264
162 116
218 3
307 5
280 206
40 192
254 69
84 110
81 313
298 282
62 302
222 177
98 295
127 8
31 269
66 262
20 71
21 237
274 171
85 197
20 125
33 274
37 316
27 317
117 168
243 178
114 108
355 55
246 325
262 276
81 327
181 101
42 45
181 315
215 110
355 235
234 231
352 114
35 222
74 151
234 316
172 191
267 14
245 156
339 151
276 63
321 100
7 206
345 32
8 203
141 7
281 18
237 120
331 271
342 48
265 63
208 81
253 118
294 141
118 276
135 37
183 100
336 33
149 324
64 157
15 204
163 295
65 243
59 39
2 244
87 266
306 138
190 202
99 128
186 216
247 321
96 273
264 76
306 56
243 213
56 257
61 218
196 125
305 98
164 306
185 94
59 134
231 249
179 329
220 208
33 310
16 128
71 279
47 20
179 134
76 78
34 136
140 73
261 88
14 268
237 198
205 295
175 79
31 353
251 94
49 283
48 64
255 118
187 145
337 209
278 56
286 312
36 69
228 140
156 242
51 36
283 99
175 102
21 205
298 271
299 346
42 346
54 140
307 84
284 131
292 206
30 221
5 65
290 76
204 289
161 98
325 88
196 143
33 60
191 330
331 133
164 216
322 61
355 116
144 282
246 79
331 120
143 335
184 76
55 232
9 215
173 177
146 213
163 178
272 353
352 90
330 159
305 295
63 147
255 206
273 144
128 247
107 270
226 135
190 124
210 42
182 26
62 328
82 68
149 354
264 144
287 237
146 80
20 208
226 274
257 142
261 228
33 12
342 102
146 175
225 355
60 250
224 121
221 306
188 214
147 95
201 77
176 347
156 195
42 26
112 299
11 16
170 43
227 155
344 16
173 56
214 232
306 82
196 170
31 227
27 177
322 72
97 341
62 253
179 103
122 134
245 132
349 59
19 220
57 6
79 230
62 293
305 11
18 145
24 48
15 251
68 180
322 164
8 27
260 186
329 225
163 218
1 156
120 19
219 20
224 297
249 285
233 42
139 250
186 163
141 44
57 52
68 222
60 75
92 319
105 64
188 267
125 32
266 88
250 128
108 117
69 356
246 145
241 28
239 70
34 223
314 290
275 25
155 178
299 246
340 47
154 15
158 278
46 67
210 139
195 317
100 107
160 345
251 45
216 333
314 250
200 271
27 318
