785 1943 783
63 638
55 85
500 522
686 155
13 718
542 288
476 231
121 117
773 721
784 700
227 259
654 334
207 12
81 511
602 180
509 697
32 563
781 563
331 714
750 375
646 506
662 336
736 30
484 755
750 514
701 224
20 601
557 226
612 670
768 429
64 491
340 95
300 367
689 662
295 653
252 155
373 160
522 355
189 252
324 154
766 271
377 785
86 180
257 730
64 271
405 127
762 744
253 308
357 189
217 652
56 468
53 461
627 607
30 31
73 386
216 85
688 624
116 774
50 404
718 114
675 337
272 683
327 557
205 715
745 421
581 47
135 666
539 762
487 601
39 591
233 286
676 135
156 6
155 205
410 119
318 331
487 622
228 28
425 432
775 384
100 602
462 234
482 248
242 183
63 312
774 295
597 696
429 784
733 616
204 389
734 553
719 436
389 161
495 28
625 484
443 756
301 152
236 782
399 510
212 461
36 232
2 665
174 462
663 121
292 113
510 241
666 475
676 269
636 417
329 507
116 18
477 416
169 744
444 599
468 687
274 536
133 307
447 338
769 324
459 275
437 215
547 349
689 469
649 571
101 192
292 248
242 15
695 410
6 353
224 473
287 529
255 451
51 701
4 66
272 462
340 740
708 134
303 611
602 166
397 734
390 720
196 631
767 105
287 772
490 542
491 776
286 746
473 368
693 476
433 179
152 19
133 74
152 467
717 1
633 360
766 237
326 209
114 307
345 400
325 49
157 63
71 474
55 544
88 747
266 520
173 418
538 337
523 722
19 486
754 651
60 766
134 418
189 247
756 534
678 296
614 81
390 717
554 476
507 673
469 772
407 641
436 192
193 206
160 211
691 160
108 783
140 273
415 361
519 385
141 443
712 754
524 348
717 324
38 438
212 539
457 650
394 107
56 618
312 247
75 250
406 214
279 578
486 693
153 251
324 293
694 251
293 464
630 257
34 668
694 277
453 397
142 61
504 229
711 62
508 32
311 128
246 589
737 763
528 104
229 67
428 169
349 753
632 193
224 697
107 164
189 559
561 362
652 279
622 609
372 344
640 683
504 132
518 455
110 261
591 338
359 233
506 707
200 384
146 455
327 253
619 547
58 394
155 709
704 777
532 322
367 419
219 85
550 769
572 659
276 377
243 666
641 780
587 88
410 764
542 769
231 375
530 321
15 685
244 750
708 23
287 289
441 537
374 237
552 192
143 42
568 417
707 423
412 540
510 68
551 267
51 781
673 581
316 720
512 592
716 434
614 249
754 301
33 342
569 584
533 711
658 347
343 611
17 1
398 526
68 163
39 151
190 744
763 538
710 489
344 640
169 204
136 137
536 168
511 319
751 290
277 655
637 619
481 653
651 93
425 750
287 496
115 476
486 92
228 410
612 603
296 27
53 431
164 588
598 706
154 596
210 430
465 93
295 160
777 160
284 449
124 570
159 271
293 644
394 520
268 221
370 595
247 422
241 442
257 53
362 410
680 572
86 360
696 380
519 688
571 50
351 726
651 541
243 158
399 637
678 698
72 262
507 350
715 779
7 186
79 368
627 758
186 712
332 97
338 98
31 155
147 381
128 12
136 370
170 566
221 94
510 324
387 263
674 316
257 712
534 335
326 375
307 512
302 671
640 671
768 670
41 161
297 168
204 464
537 405
244 5
530 785
328 131
262 248
479 518
174 227
99 500
633 438
258 149
355 112
67 337
28 107
529 324
306 764
2 89
416 277
93 160
276 453
323 537
700 48
302 121
306 432
652 153
84 124
334 438
267 400
21 294
538 581
649 58
560 650
146 222
141 239
381 448
723 703
231 637
750 532
4 270
211 655
455 326
25 3
11 323
402 31
648 154
644 511
243 450
407 388
671 579
658 266
241 595
216 472
479 212
250 514
514 460
384 183
1 440
185 11
10 618
73 689
18 748
415 260
412 68
679 329
647 552
595 134
393 57
637 86
300 102
600 28
593 230
242 625
701 458
635 742
290 740
646 307
702 307
598 329
374 492
689 267
290 530
401 682
586 284
15 101
385 646
160 225
90 402
64 37
74 699
779 396
685 671
734 601
192 547
176 565
285 80
79 574
609 511
502 442
9 516
574 426
376 733
650 497
381 713
566 487
658 591
97 557
476 77
405 667
623 580
478 154
691 556
759 547
281 476
203 322
206 776
747 614
755 611
357 383
538 137
84 411
727 212
214 417
288 618
330 158
445 23
311 350
610 317
111 138
7 345
459 244
367 420
72 337
245 429
719 29
597 49
471 539
292 685
202 579
549 564
768 208
586 326
590 442
642 732
579 648
292 284
138 658
703 210
241 194
670 206
255 513
254 725
266 545
656 500
371 420
278 353
659 110
710 495
583 566
442 377
460 733
660 598
605 610
54 61
18 723
266 272
482 552
244 780
343 114
494 745
565 18
345 471
159 269
180 741
50 621
364 541
600 239
353 452
95 438
512 144
407 24
448 104
607 691
98 165
51 591
156 648
640 500
365 13
769 544
785 65
412 364
605 226
634 205
677 728
642 435
86 264
491 533
367 344
470 464
508 521
301 664
415 187
410 779
231 393
569 230
457 195
593 309
453 441
513 376
383 401
58 501
664 548
248 277
106 718
772 646
485 287
556 114
505 180
139 735
605 707
180 308
117 19
616 601
460 375
191 89
776 248
589 654
42 84
178 180
48 164
72 532
483 659
677 202
85 30
152 689
736 363
212 99
381 74
699 87
449 105
208 439
384 43
339 426
126 516
637 173
712 708
736 409
613 627
642 697
688 40
633 639
402 59
737 30
164 683
148 612
2 355
265 417
398 636
89 555
398 725
760 324
679 710
732 538
584 589
450 486
628 297
339 277
387 323
338 550
220 485
409 253
87 705
701 516
555 5
285 168
761 259
491 687
216 470
439 14
305 103
499 179
431 85
487 64
439 39
646 690
556 269
157 642
188 104
372 743
108 688
157 116
194 647
17 441
363 455
454 667
590 199
93 267
315 579
331 753
618 191
657 388
459 60
276 678
164 679
635 303
581 38
418 21
685 434
461 294
136 161
208 757
360 300
238 674
93 600
674 742
5 545
376 495
637 651
420 47
576 269
349 372
307 14
424 238
479 100
563 614
260 770
585 651
284 70
572 409
669 460
397 706
251 773
415 102
670 49
180 461
350 529
79 688
574 502
172 267
633 734
128 140
751 712
5 281
28 576
689 697
282 333
617 533
352 278
634 268
359 61
728 708
589 53
642 409
587 60
675 466
8 17
605 5
761 642
286 35
464 189
731 746
553 562
493 119
87 373
387 445
433 361
367 268
446 255
676 247
314 598
744 353
646 596
358 653
452 643
688 130
78 633
122 663
442 614
781 528
234 414
187 698
22 585
181 467
86 103
745 399
732 703
783 593
513 387
460 211
276 394
373 386
242 494
263 715
355 290
457 588
704 675
500 725
506 712
438 591
30 397
236 8
346 233
600 74
652 307
316 142
700 688
527 188
397 36
117 751
326 605
585 244
526 299
215 246
226 652
51 287
295 318
294 640
551 141
745 449
447 276
590 393
178 364
581 574
399 729
571 724
549 370
214 289
701 428
567 173
326 617
491 620
150 31
475 732
171 434
427 649
709 231
289 134
626 84
739 240
59 525
210 607
141 424
143 56
98 709
260 424
572 750
258 753
781 764
731 166
413 372
62 368
635 350
533 475
465 487
746 523
258 203
377 430
626 551
486 755
506 777
393 292
742 683
292 737
661 269
149 320
673 242
720 522
591 467
243 302
200 236
40 457
438 448
102 310
213 619
279 718
610 704
256 598
633 579
549 540
63 730
107 735
186 41
503 24
539 777
325 739
227 396
442 696
90 575
220 302
440 531
266 297
481 554
109 328
347 690
114 441
666 220
422 66
292 139
121 46
131 446
31 389
88 504
300 178
326 551
511 765
296 24
308 776
577 449
350 170
385 464
643 265
715 279
362 222
418 483
267 580
175 329
183 262
79 514
471 404
280 197
416 607
220 723
630 43
418 194
212 17
689 101
281 619
380 643
55 12
372 353
623 546
713 52
22 6
566 493
442 60
721 72
666 187
41 542
229 459
736 472
507 671
573 3
536 167
677 590
210 263
189 79
23 148
130 76
154 695
600 627
1 535
698 699
721 770
455 196
475 437
668 197
323 487
231 73
685 122
695 141
416 130
219 470
278 348
545 463
290 392
304 290
173 248
203 141
232 690
336 707
341 250
118 695
768 348
15 667
501 741
22 163
85 240
632 394
620 423
103 124
29 406
413 234
685 648
374 132
552 741
85 139
206 202
81 188
581 95
102 328
82 123
490 166
395 336
592 229
758 694
352 34
347 11
267 246
658 640
409 456
627 493
595 47
726 675
267 521
16 368
63 97
522 584
294 131
134 132
391 139
41 742
204 419
785 470
696 657
356 320
328 197
59 169
276 785
90 574
520 137
188 615
233 709
413 558
87 579
690 477
717 762
466 135
395 465
636 337
368 238
656 727
434 715
142 741
714 231
529 480
399 716
341 631
672 1
436 758
579 340
481 542
316 193
708 742
657 590
293 240
42 196
213 507
125 355
495 85
617 238
596 231
201 184
108 87
184 543
91 9
97 571
582 444
764 536
432 667
340 725
153 413
135 366
166 291
720 660
407 583
113 217
28 345
432 136
431 615
678 521
655 22
338 483
465 316
233 112
230 604
83 382
231 249
779 397
539 745
271 192
543 415
440 570
6 87
737 436
733 630
203 603
683 541
300 362
103 565
505 332
383 587
746 614
82 771
257 620
731 559
26 520
221 498
336 226
584 288
694 531
164 111
380 61
651 680
454 1
491 174
364 88
7 356
733 89
342 204
740 319
10 13
53 230
510 420
455 308
707 363
506 465
177 403
391 631
403 96
19 14
183 57
369 131
145 742
366 132
275 375
144 359
604 653
779 306
175 732
700 259
64 420
755 240
38 360
85 472
455 103
485 670
192 69
15 336
57 380
467 332
2 642
722 605
509 715
125 715
694 72
221 757
491 190
211 528
550 296
215 251
430 731
135 621
46 181
204 103
593 702
434 594
559 370
445 314
332 602
244 272
673 496
243 378
685 453
153 481
780 399
764 425
344 145
292 390
326 495
492 165
444 172
5 249
573 449
562 151
265 52
422 184
547 664
562 479
364 746
206 358
391 216
29 734
361 321
370 718
62 108
97 537
311 101
785 131
549 594
281 61
645 735
244 439
613 52
164 223
12 401
613 402
617 641
383 192
208 784
124 302
139 220
85 449
352 85
579 115
710 107
207 569
56 451
254 700
502 417
138 546
65 782
194 681
669 608
87 124
607 210
457 777
461 541
472 27
657 298
173 581
404 412
397 491
77 650
405 610
314 574
402 378
570 596
273 486
418 391
609 271
632 280
294 307
35 766
365 724
278 569
519 713
195 130
418 271
27 69
128 372
643 529
781 459
371 300
159 36
690 14
338 568
293 632
89 360
612 485
298 136
268 63
63 463
225 480
765 283
548 139
654 437
668 681
143 285
195 301
320 131
315 658
730 639
504 33
213 362
549 542
497 31
605 591
525 44
317 537
358 111
675 226
548 589
153 690
89 379
237 440
541 583
344 485
437 94
549 681
455 312
438 198
374 289
3 114
364 319
682 721
462 571
193 224
407 345
160 527
723 428
181 478
226 557
209 694
650 757
589 352
283 273
581 688
593 584
16 203
149 729
138 642
547 362
80 168
706 271
694 675
699 121
399 139
677 607
578 667
172 107
187 752
10 779
582 57
197 763
1 366
728 699
746 680
216 686
602 129
21 215
299 730
69 377
550 678
291 721
785 477
687 41
502 484
129 730
461 161
343 294
739 317
239 699
211 487
599 27
615 652
274 161
628 342
537 392
266 74
327 297
550 228
369 299
743 498
275 450
690 617
776 644
148 261
589 391
747 435
449 577
301 754
737 143
342 520
566 608
594 107
119 390
366 488
720 356
232 210
20 136
73 10
779 221
303 615
643 264
264 306
87 596
275 70
738 616
590 550
470 430
656 589
34 268
323 1
623 554
210 675
689 282
716 715
534 233
544 423
497 22
761 583
617 282
653 601
144 489
365 614
133 267
417 198
534 771
198 404
539 439
293 474
753 255
403 533
488 161
171 231
182 178
28 45
459 712
645 602
415 256
430 579
522 93
24 303
78 253
738 648
724 277
337 691
531 739
470 233
147 672
463 360
64 523
405 554
449 296
371 111
584 47
721 320
172 776
654 281
244 606
144 182
97 512
119 660
497 620
107 643
507 602
218 602
339 622
371 34
164 773
144 747
34 112
314 205
102 182
518 345
35 661
558 163
419 708
37 130
575 176
773 296
777 205
144 330
73 546
363 268
533 539
230 599
650 575
50 783
3 567
375 37
474 147
232 107
102 300
237 676
475 256
218 498
492 393
42 564
154 437
78 718
222 307
563 118
128 613
115 131
426 489
199 115
668 430
253 16
762 521
691 451
776 155
196 482
547 237
292 732
705 370
665 141
708 442
258 51
301 373
213 727
108 411
88 775
56 372
5 64
108 727
514 98
96 709
612 675
193 118
621 144
519 500
285 474
189 574
524 489
193 736
462 301
393 549
322 448
136 327
511 243
268 272
372 396
227 198
285 451
348 120
595 113
652 126
586 55
699 356
575 139
338 252
439 731
47 760
425 182
333 183
456 633
454 75
243 712
304 559
410 683
710 219
11 576
376 596
662 321
167 452
459 504
703 144
449 749
151 121
178 483
303 665
362 3
739 636
714 258
409 370
187 334
588 197
124 210
8 1
531 206
484 236
709 401
380 405
396 530
525 573
259 42
453 621
44 438
471 4
727 127
374 129
460 208
325 615
418 364
647 195
569 345
462 525
777 56
176 388
617 700
207 123
773 659
775 63
344 492
98 285
618 503
445 324
711 770
154 375
380 47
601 164
392 277
720 383
365 110
770 228
24 192
350 43
97 371
137 472
78 234
4 695
737 448
266 694
464 419
315 59
497 162
254 103
438 188
518 49
297 534
277 352
757 626
426 69
244 562
572 321
42 575
262 25
238 527
718 701
192 279
6 689
440 259
38 125
478 555
173 774
304 449
340 275
322 765
375 565
573 162
100 615
768 393
639 220
135 604
168 358
97 205
293 569
496 331
693 188
132 80
177 435
529 548
742 65
560 363
629 347
556 760
176 539
367 62
5 533
665 204
138 8
409 430
576 119
7 483
338 139
563 514
605 306
309 593
402 83
171 277
461 758
283 669
511 649
730 548
429 609
751 566
616 406
210 407
556 217
104 109
387 698
654 206
218 209
14 651
291 216
142 784
188 424
667 731
320 611
493 780
466 490
560 296
143 16
734 730
264 85
85 650
782 739
103 247
162 148
144 485
363 318
483 550
741 364
495 307
221 234
301 686
724 107
228 113
155 177
57 418
293 142
315 321
127 449
599 320
596 743
19 173
275 533
722 262
143 464
601 363
697 116
263 667
255 491
26 409
699 83
73 206
256 419
558 382
82 372
701 677
329 752
96 635
499 33
111 642
528 711
219 471
74 514
385 360
219 410
768 132
492 55
369 747
506 141
375 587
512 291
479 87
257 606
721 2
670 79
643 412
36 109
98 141
654 514
500 87
138 482
250 630
569 650
623 289
5 213
122 549
535 632
667 6
453 635
7 337
713 682
749 780
37 93
136 690
606 635
23 743
364 304
619 147
168 489
467 204
733 588
752 482
467 666
519 134
515 557
470 442
485 465
468 521
589 603
457 441
453 511
431 31
29 296
209 196
784 707
400 731
541 398
459 222
278 192
355 39
781 72
512 480
568 195
248 372
12 704
27 464
462 489
526 490
785 766
686 783
687 332
761 475
761 466
696 286
690 298
324 685
401 51
379 183
245 658
586 256
609 645
752 285
348 524
774 347
505 706
377 438
252 352
127 260
32 38
545 753
367 83
652 767
133 278
196 377
150 782
665 758
641 631
257 203
369 246
582 88
166 173
558 450
556 684
709 619
753 468
587 334
550 453
347 715
730 575
306 95
571 185
67 458
62 356
692 431
601 488
550 13
660 322
494 430
253 417
296 220
131 97
586 713
549 179
642 494
753 194
620 538
411 718
242 472
288 149
149 103
668 699
148 543
267 641
219 519
305 514
739 435
610 571
394 406
749 250
146 717
476 765
501 101
729 743
604 232
138 753
366 20
698 513
594 179
401 60
730 737
605 683
386 462
500 27
82 463
308 227
394 783
238 142
130 181
99 734
444 268
733 25
287 645
569 96
70 216
187 14
167 6
728 585
467 442
611 580
152 133
53 577
163 290
718 292
503 63
272 193
330 219
217 617
110 33
744 212
248 145
257 447
182 232
246 649
673 71
443 71
235 496
648 397
32 580
721 566
643 207
759 187
458 222
50 599
286 40
25 566
184 314
227 398
545 472
261 464
574 735
535 23
445 397
452 509
223 387
321 80
625 294
299 329
548 348
175 48
388 199
645 603
544 86
215 303
589 507
767 377
457 516
432 148
159 130
688 381
548 224
493 419
549 38
748 311
385 137
391 19
367 250
654 126
336 115
428 171
654 441
548 325
203 226
504 393
355 439
774 117
662 513
535 425
550 529
768 181
665 373
232 279
654 100
436 236
246 78
407 114
551 169
470 753
426 189
361 780
659 381
143 535
140 709
206 689
453 188
116 364
592 347
674 493
478 324
728 724
434 349
52 199
549 522
198 189
742 558
215 615
185 357
396 324
313 633
259 12
68 375
407 659
721 296
366 414
619 309
352 299
689 435
497 453
