642 856 301
505 486
31 113
578 73
567 77
543 470
247 456
545 74
580 385
458 331
300 315
355 351
16 339
113 492
203 624
76 345
214 581
189 244
51 124
248 549
132 149
309 379
604 143
384 474
459 131
94 116
377 449
398 393
77 442
174 279
355 250
556 568
120 102
170 102
157 417
583 220
497 249
530 459
391 203
290 208
333 315
255 68
53 585
392 129
316 497
340 29
36 253
596 155
354 55
257 442
404 197
19 258
377 481
6 125
41 227
264 306
542 451
373 594
393 54
81 66
550 420
26 586
30 554
98 315
608 286
46 301
414 638
491 148
476 496
205 517
81 468
180 622
208 484
573 600
537 585
598 376
362 555
251 323
466 281
569 364
566 614
22 338
610 512
417 375
366 621
181 378
447 360
357 586
133 219
544 601
94 431
335 455
343 517
68 99
155 568
462 79
472 483
348 371
353 122
103 8
33 284
385 411
575 31
354 640
181 187
598 274
617 222
19 250
97 18
348 251
585 167
261 346
581 608
74 223
20 109
230 52
392 546
394 256
508 105
253 47
292 141
320 198
362 270
447 390
287 84
641 230
182 191
575 121
89 581
275 108
47 437
91 370
340 484
625 138
520 168
184 169
308 435
367 601
63 103
349 281
187 279
442 368
469 307
420 557
245 53
596 291
489 618
592 118
391 506
255 269
31 370
437 270
163 93
161 157
196 509
437 382
77 237
39 477
543 391
392 77
375 277
367 153
253 248
270 575
111 457
201 142
184 570
343 278
20 503
434 215
301 161
528 377
397 567
212 229
315 535
305 621
101 603
131 285
208 400
218 318
214 350
391 330
277 92
607 229
526 331
375 185
491 261
493 177
185 62
337 431
528 641
341 629
533 471
271 30
228 420
279 374
128 602
635 336
51 599
496 508
287 229
50 67
489 543
243 605
536 579
325 354
509 23
272 331
493 542
360 10
252 639
315 379
598 307
4 580
196 500
377 414
86 427
481 506
259 13
468 84
524 150
369 322
104 640
11 528
472 370
537 81
298 142
391 185
380 394
54 575
251 431
347 268
215 117
131 405
61 598
420 516
37 147
196 72
144 206
599 615
507 426
627 95
567 375
279 304
127 333
169 309
121 447
577 267
563 65
603 555
595 380
429 563
458 556
567 602
51 523
506 557
306 491
583 162
223 220
398 281
484 566
590 536
370 524
160 222
520 52
134 404
363 494
257 179
407 181
70 457
61 575
304 299
355 244
392 510
395 147
148 168
70 95
61 371
550 152
592 360
203 16
121 498
441 377
34 206
557 103
594 550
609 187
206 254
363 597
121 47
34 200
215 103
227 275
406 66
359 355
425 493
302 478
348 101
212 381
306 59
415 189
608 314
376 103
567 28
631 619
74 22
176 288
57 402
495 462
468 143
106 182
635 408
17 341
508 161
11 103
219 358
291 116
29 598
150 595
571 631
92 104
276 80
438 60
473 195
202 578
308 195
343 325
467 208
485 409
242 635
124 533
108 152
420 257
104 403
326 606
391 349
642 598
428 437
16 258
563 149
194 228
275 468
484 99
608 258
508 207
250 563
29 357
73 449
545 108
141 161
72 463
509 71
350 295
439 297
552 291
446 35
450 78
435 292
177 400
549 616
606 157
536 567
445 540
373 280
6 445
440 9
265 306
11 614
532 449
269 374
29 72
340 478
81 132
59 189
531 608
162 427
54 630
351 430
527 13
67 464
457 438
472 79
34 482
624 565
220 250
228 180
253 568
590 266
57 6
454 588
613 548
304 598
535 12
386 351
598 384
105 412
112 508
422 145
280 403
641 431
585 227
611 127
152 558
392 208
563 204
85 466
109 320
353 575
263 28
215 218
412 251
629 523
117 340
599 396
101 597
184 617
113 84
101 264
641 493
404 494
54 420
249 94
98 601
600 360
629 172
510 330
423 428
142 471
126 30
224 158
626 339
132 97
423 232
292 421
82 627
204 67
405 452
160 434
343 117
83 261
221 592
522 575
310 21
403 435
50 626
592 607
322 13
635 102
244 217
455 258
201 590
324 605
332 484
328 32
532 411
224 42
292 103
616 601
55 376
325 36
291 206
642 613
218 567
4 394
141 390
9 341
338 332
236 27
105 495
632 569
263 145
610 487
247 584
445 301
317 60
336 540
265 267
510 483
191 445
166 263
193 174
604 462
437 129
488 474
623 409
400 176
485 367
20 89
240 396
321 489
455 588
386 78
212 253
492 335
629 15
597 179
120 490
640 556
618 417
387 599
115 144
132 599
443 83
619 40
478 297
460 223
242 203
300 386
387 81
10 374
27 606
484 146
454 414
59 361
188 446
317 235
521 380
191 321
394 100
293 162
396 110
384 570
245 615
245 631
53 254
294 79
149 136
224 602
549 282
253 26
17 501
192 470
239 315
148 564
414 372
83 99
414 466
600 590
438 202
578 422
387 162
500 536
229 13
427 67
227 37
92 175
538 284
2 66
530 82
561 301
453 2
399 156
467 357
103 195
490 613
616 235
64 406
60 292
350 418
358 576
387 381
109 282
596 110
279 483
191 129
141 576
130 472
89 529
186 124
13 607
26 628
131 89
323 190
380 31
608 27
606 352
407 4
565 293
114 133
133 236
261 206
169 323
609 190
209 84
245 153
48 270
70 179
358 393
300 27
355 265
53 250
548 391
254 402
41 299
466 106
534 17
243 635
339 209
114 479
292 358
631 339
559 58
449 274
382 107
232 94
303 284
344 209
32 529
542 5
185 366
110 8
382 352
574 10
560 45
488 141
334 476
479 182
465 218
387 205
324 618
298 626
259 573
124 223
459 24
227 575
321 336
583 60
619 446
1 468
491 488
608 114
253 376
228 75
593 614
211 206
590 441
190 206
371 313
428 120
268 586
52 588
211 566
579 187
370 579
586 150
424 551
195 608
217 422
615 167
394 183
305 341
555 494
478 216
96 196
335 364
139 318
241 350
242 178
536 543
114 480
50 470
320 244
367 536
24 339
635 417
454 297
47 366
80 524
581 175
77 205
470 216
455 69
565 628
178 390
528 223
159 577
50 479
178 417
304 133
45 228
549 498
456 595
154 535
409 24
642 485
161 401
58 615
401 554
600 578
302 485
159 392
419 140
160 528
488 464
593 533
623 499
320 437
384 473
261 150
497 192
566 15
525 624
629 283
535 518
219 126
360 377
518 68
516 35
527 362
430 477
184 343
266 503
69 581
334 261
20 120
453 585
134 335
498 52
549 323
501 125
448 150
433 255
149 307
222 33
600 583
442 73
283 639
575 351
577 198
612 528
317 354
470 382
46 258
433 594
580 223
9 317
372 441
572 520
37 83
553 568
23 284
640 306
280 573
14 214
60 625
99 377
336 500
116 313
115 481
197 52
61 137
301 365
577 230
242 614
312 84
471 266
367 469
571 4
331 585
149 390
499 179
56 125
611 104
369 15
516 497
67 508
633 299
230 568
528 472
471 129
555 299
394 212
125 255
215 387
129 296
67 627
406 122
41 374
225 410
389 30
264 387
538 255
43 125
112 502
528 582
562 441
170 313
10 227
499 156
613 627
383 37
612 147
91 584
452 247
351 198
277 547
516 104
91 490
228 202
281 114
73 200
486 242
445 427
468 301
514 371
286 255
339 187
333 429
128 142
608 411
272 242
247 145
345 337
567 504
538 205
549 542
405 324
73 139
40 541
439 554
201 82
166 471
200 430
190 260
571 155
28 200
328 274
277 604
542 133
465 369
337 304
268 31
627 340
169 25
170 608
510 302
621 607
131 111
394 320
370 322
474 397
454 91
602 88
52 501
152 448
159 488
109 426
451 26
55 619
624 225
516 423
526 427
387 588
537 138
265 264
391 28
592 202
