733 977 710
309 474
600 615
531 133
148 105
402 675
1 240
439 94
595 509
519 269
644 79
108 429
618 507
236 237
43 556
571 398
532 526
517 398
407 314
530 554
65 577
141 65
83 580
538 324
1 323
592 644
48 345
718 665
497 599
547 540
421 385
583 219
177 366
616 229
680 58
429 390
634 569
454 362
61 637
685 61
227 189
350 274
534 334
584 297
199 398
482 619
49 710
483 604
343 365
478 668
68 173
324 701
9 423
330 448
327 660
509 553
116 125
472 295
105 322
591 682
214 413
695 696
662 683
707 407
617 41
579 207
388 233
276 363
681 602
289 102
67 404
605 538
698 355
505 202
304 137
566 517
195 527
125 124
477 98
176 6
139 400
592 526
633 134
155 226
2 89
706 447
493 223
251 103
578 401
683 527
537 515
689 732
688 80
122 431
178 676
436 695
342 673
487 620
73 287
491 453
375 463
166 513
332 62
262 176
463 211
348 645
726 303
643 680
382 410
23 559
352 104
166 340
44 298
226 495
584 717
215 605
92 26
384 423
467 645
244 196
502 591
486 140
160 42
86 188
451 487
392 449
236 558
55 279
122 659
420 706
288 634
223 380
305 252
448 38
164 338
612 311
574 365
450 380
406 181
567 502
313 225
217 548
49 650
473 171
222 159
522 509
438 11
534 9
262 628
47 71
611 658
27 451
668 476
97 340
656 663
109 235
155 704
429 582
267 168
398 134
326 186
642 30
575 89
417 483
716 463
553 593
34 226
689 701
701 53
687 270
361 441
150 515
57 578
10 323
12 407
456 716
593 11
391 80
99 75
562 460
183 28
698 216
253 653
563 599
705 516
135 333
602 664
493 658
508 148
627 166
555 349
527 60
5 185
139 482
638 347
208 466
374 172
682 272
92 157
137 442
318 272
420 186
202 559
110 355
706 3
166 527
731 693
232 381
523 371
130 73
717 337
538 3
155 132
274 625
288 56
712 251
327 45
436 174
603 192
175 221
573 719
394 216
678 625
243 113
641 372
185 270
354 369
272 154
500 191
45 434
247 403
330 219
447 412
39 316
249 213
182 88
577 575
683 522
467 192
280 20
209 111
290 208
479 561
362 624
398 52
703 644
454 300
508 167
711 546
482 226
404 664
692 248
151 287
415 617
124 694
637 332
450 572
186 195
45 547
465 442
598 434
731 319
379 506
485 356
697 613
227 368
189 565
261 339
118 675
602 242
281 151
219 731
722 404
571 33
596 302
121 461
382 118
425 27
269 555
29 233
80 255
600 268
86 127
253 583
447 121
91 727
650 688
370 284
5 208
316 600
155 82
706 182
200 397
209 468
598 237
700 677
137 212
212 602
717 110
451 430
230 187
70 525
141 85
75 145
671 36
12 93
118 717
274 317
27 128
430 624
10 43
567 147
254 424
15 238
533 111
313 408
297 28
199 437
113 652
228 50
688 239
521 72
601 441
34 273
568 463
163 224
505 376
370 405
445 30
288 245
519 600
298 82
274 143
164 32
61 391
81 15
629 248
465 143
688 498
415 168
607 224
391 24
245 406
428 689
81 715
579 599
228 523
680 147
665 111
178 725
501 637
386 43
151 496
564 484
261 624
652 513
493 688
536 383
361 610
718 87
591 209
686 464
731 278
610 662
34 54
300 181
691 685
602 487
447 432
238 353
701 535
511 107
489 314
489 495
190 473
582 426
682 180
157 679
103 412
254 137
466 553
317 69
150 185
555 242
262 59
241 608
593 18
714 728
710 470
135 166
588 362
238 536
541 40
128 290
451 27
426 562
579 388
630 374
218 452
261 125
156 501
732 395
165 713
389 141
95 169
686 328
531 190
510 717
608 637
273 325
663 698
352 429
173 215
147 433
339 682
201 338
343 11
696 377
151 436
545 103
30 342
671 539
705 545
88 244
137 396
588 669
195 585
364 367
67 157
446 405
484 292
388 93
302 350
115 452
431 659
201 461
647 138
645 618
683 733
507 465
41 361
46 236
213 55
248 658
590 693
329 340
251 717
432 552
712 546
650 410
118 117
516 410
254 427
673 582
72 446
692 113
453 383
727 311
438 241
235 294
201 563
634 97
192 711
649 171
170 565
226 666
327 8
342 580
434 281
75 506
372 412
264 91
62 257
401 145
497 281
438 343
111 717
440 681
341 1
118 510
211 343
442 537
729 429
29 430
355 103
581 726
515 490
463 222
13 509
366 155
57 449
498 546
79 583
493 419
583 257
574 60
599 282
596 241
356 624
670 710
373 163
348 533
652 77
21 310
232 386
464 288
480 607
479 558
456 238
243 305
494 83
10 6
10 251
246 365
521 561
341 160
369 335
338 666
411 358
242 642
389 351
575 135
225 699
693 680
583 581
631 343
664 286
727 319
537 618
684 324
91 670
129 105
271 466
37 328
469 657
615 124
275 103
637 145
68 242
470 650
90 367
639 399
299 278
717 102
542 313
71 632
629 199
383 166
310 419
139 45
722 21
547 642
123 96
53 569
338 522
486 73
535 37
471 100
314 100
580 501
413 650
46 308
494 428
119 70
492 258
493 480
657 685
388 46
426 86
614 30
608 12
481 55
427 597
533 387
697 379
154 22
295 199
708 55
626 472
503 31
729 641
156 652
592 544
343 284
629 603
693 149
260 86
582 687
683 381
340 292
26 139
692 699
20 609
50 168
639 425
75 62
343 312
251 332
242 525
320 106
665 168
438 614
195 423
551 220
562 509
186 166
87 584
420 137
19 705
561 472
412 549
51 308
526 292
478 372
138 64
124 448
611 561
708 72
251 525
670 458
301 501
269 33
731 688
548 395
305 375
133 716
570 562
669 362
120 414
380 636
477 503
351 733
709 325
450 605
495 387
329 441
533 243
474 530
198 288
191 148
309 324
510 524
152 445
531 651
125 177
199 248
325 195
626 680
165 343
551 660
375 526
367 174
35 486
704 611
420 540
26 374
130 181
543 661
625 340
224 396
163 68
289 487
263 181
433 427
523 630
732 543
422 12
143 333
713 208
139 384
581 648
564 36
575 101
376 444
496 538
511 51
670 419
611 370
492 46
266 490
589 333
147 572
434 290
550 59
143 688
442 370
602 272
405 89
373 47
532 514
584 689
565 167
374 88
536 132
133 447
268 367
425 60
584 125
349 400
184 138
355 271
507 602
543 178
691 561
225 135
341 454
469 551
620 110
284 68
620 417
160 533
50 584
593 634
355 587
300 184
724 300
454 497
169 642
675 505
115 545
639 456
644 375
652 531
130 203
244 395
265 404
195 693
254 54
239 254
640 185
437 277
484 158
40 298
445 360
69 560
171 354
661 82
374 225
258 149
427 501
543 337
550 383
297 71
82 181
324 368
365 407
644 495
564 683
59 654
310 507
480 126
506 407
207 146
632 110
673 704
611 128
687 427
511 629
143 592
76 113
605 441
519 515
202 728
111 260
294 66
412 41
191 184
93 44
708 370
153 647
720 409
42 673
482 198
568 624
435 289
382 307
729 546
467 576
186 577
482 480
288 160
520 125
344 258
168 697
628 699
611 260
21 298
199 502
141 412
38 575
700 420
527 342
611 261
184 64
483 665
543 38
92 708
162 81
232 708
44 505
673 300
31 693
243 608
461 383
665 145
604 632
210 397
240 87
303 69
150 53
1 692
90 471
312 251
551 544
225 240
694 543
540 725
503 428
245 609
78 177
20 327
75 608
723 693
695 293
407 111
345 407
449 80
144 406
709 340
216 579
580 177
388 32
547 536
459 58
58 182
234 456
508 687
331 144
436 699
48 426
372 142
151 162
548 126
501 409
350 726
231 383
403 44
565 129
102 622
689 335
723 464
668 320
253 226
257 334
191 684
26 209
471 555
370 664
326 516
340 675
155 570
703 557
614 534
331 361
422 666
341 58
42 275
377 294
147 280
627 337
609 298
191 346
119 560
656 90
722 262
31 522
477 379
345 3
180 322
363 601
254 350
658 295
270 681
234 416
606 127
20 127
70 210
118 188
416 40
656 50
680 332
571 424
710 561
426 156
528 435
403 48
430 327
721 699
653 600
382 171
726 47
297 62
635 415
628 317
454 196
12 401
527 582
470 504
56 541
659 583
621 328
277 317
301 643
283 599
510 664
37 148
356 333
589 257
14 129
220 114
325 231
160 118
459 629
621 514
436 547
363 703
520 639
286 87
549 568
686 704
144 722
118 499
700 706
402 360
102 621
119 426
118 278
543 576
552 431
2 254
623 365
223 55
649 155
142 110
368 473
80 512
107 198
656 452
549 324
78 650
590 196
342 708
119 531
196 670
607 198
570 142
208 438
196 123
592 716
612 227
455 691
384 207
534 306
659 350
276 3
645 511
578 254
131 696
633 303
170 469
444 377
173 639
145 32
622 402
637 722
6 287
196 539
238 121
