701 934 496
589 648
192 591
73 294
404 269
576 625
440 483
562 548
600 118
658 150
533 119
690 554
41 125
425 468
289 350
207 656
554 504
602 454
103 383
457 506
651 40
138 98
523 699
645 421
115 311
570 357
138 268
209 178
101 343
645 98
692 560
53 253
6 465
45 462
679 695
501 115
92 31
522 445
161 345
54 439
701 602
5 209
78 106
551 432
613 250
700 665
502 361
327 216
534 371
386 220
73 596
334 574
626 154
318 85
208 80
524 207
390 237
124 468
51 383
608 664
341 606
627 552
676 662
66 508
40 452
27 113
55 69
686 680
633 11
474 139
501 5
54 189
651 178
365 1
269 271
373 610
176 7
460 150
669 234
366 417
394 101
529 448
170 223
136 511
643 318
649 442
322 1
340 681
588 3
681 156
684 61
64 568
68 232
16 445
465 90
160 568
601 398
314 69
620 158
579 270
475 235
11 95
235 59
485 532
61 464
687 43
234 459
610 10
399 334
454 572
133 322
438 32
428 51
510 55
208 96
325 392
330 335
195 273
393 679
103 162
151 498
615 384
255 232
393 653
275 555
524 407
585 670
147 312
429 656
366 346
460 690
36 88
32 230
69 133
208 172
295 358
378 618
450 633
558 141
293 131
404 525
246 287
494 392
598 631
55 263
275 514
661 310
310 693
540 379
124 456
259 127
522 636
453 270
276 310
410 278
149 522
101 395
107 303
495 414
233 259
385 216
481 344
526 90
335 73
177 168
528 144
3 348
488 165
617 63
474 34
340 622
264 149
24 370
161 228
492 102
486 175
26 265
519 551
63 562
332 649
438 158
91 441
214 288
605 539
350 86
281 398
416 544
255 149
623 124
376 122
635 160
297 661
133 524
219 606
384 551
262 121
417 353
270 631
640 583
177 698
377 167
103 91
419 66
239 49
190 614
171 123
482 467
492 324
289 10
228 381
560 198
210 275
550 188
614 197
69 500
603 154
666 4
245 383
70 192
432 669
515 602
500 4
76 291
327 73
9 263
453 568
461 372
551 18
559 173
625 337
672 235
490 636
239 443
317 17
635 47
394 157
357 192
160 432
191 487
213 199
458 666
475 627
45 325
645 603
206 277
648 176
511 437
110 458
178 135
474 521
592 576
677 247
67 136
388 667
331 600
165 497
273 639
423 317
672 366
629 586
642 284
60 451
429 169
208 316
13 390
135 604
265 521
559 40
365 655
5 695
554 579
199 535
226 621
561 606
285 197
491 635
480 550
94 208
428 10
523 440
108 366
51 81
185 609
120 258
563 535
661 124
412 159
658 637
78 226
542 72
422 331
5 611
589 508
117 315
226 348
463 334
422 513
414 316
130 243
573 401
76 533
524 196
691 189
132 67
415 382
138 545
421 553
454 308
68 279
332 294
335 93
627 56
606 48
371 34
290 242
143 74
73 666
270 62
563 110
539 686
200 676
530 620
236 692
636 304
270 266
306 604
359 231
659 263
688 328
5 687
279 147
59 351
521 37
122 91
146 660
76 345
343 314
673 579
304 608
591 573
172 195
185 530
134 142
501 120
179 214
105 166
69 574
516 298
610 346
389 55
304 464
108 647
76 490
233 88
396 532
661 567
25 144
105 568
695 314
396 582
528 501
46 305
82 271
603 691
616 700
454 629
171 562
574 656
350 515
42 454
345 1
28 78
554 542
354 548
155 48
137 391
257 183
695 338
453 305
328 76
303 80
3 473
350 285
427 408
98 469
160 151
178 598
638 441
438 700
697 592
47 132
691 303
314 685
641 475
698 677
260 9
55 262
481 114
547 617
230 353
93 390
213 270
696 559
9 432
558 4
32 604
546 21
615 568
4 263
51 411
238 310
419 2
571 608
115 125
523 344
478 615
442 399
594 436
256 311
577 522
24 608
424 569
628 47
435 341
309 485
50 547
503 177
257 373
83 371
497 606
423 683
228 574
89 530
17 345
140 302
575 573
208 7
149 135
53 292
184 361
486 233
616 287
409 171
659 200
250 164
104 382
555 41
664 644
570 389
697 418
691 570
289 197
576 437
40 337
28 223
407 513
164 321
508 281
201 466
481 159
338 293
540 601
333 211
543 612
600 247
328 589
526 326
494 109
471 534
446 207
465 151
428 338
180 235
618 380
409 106
248 455
108 496
354 149
6 606
59 314
151 96
201 385
130 403
494 309
645 648
516 409
507 652
455 686
185 80
74 302
186 321
55 293
115 409
441 120
313 209
433 172
13 342
266 142
44 58
450 688
414 674
104 219
625 558
203 518
638 276
529 532
596 583
533 420
700 682
248 20
189 681
192 611
30 457
51 483
223 210
179 636
592 282
153 224
549 64
41 194
49 569
24 353
159 265
71 158
245 319
177 143
7 77
52 36
242 513
228 464
431 406
107 321
396 669
545 243
442 294
145 490
571 168
141 28
141 212
595 386
239 481
237 245
266 288
690 508
509 216
680 238
621 86
559 316
463 111
267 203
404 412
692 273
288 542
300 429
52 604
523 290
383 58
243 648
54 231
163 272
156 142
509 485
637 75
99 398
185 75
310 588
195 9
159 482
550 168
619 601
70 440
599 161
206 550
107 260
490 270
240 645
120 47
428 55
532 236
161 15
19 470
312 213
479 470
694 327
346 321
637 415
59 243
575 675
502 391
643 290
369 181
643 488
227 369
542 467
313 1
482 331
180 92
543 367
270 245
402 616
274 46
38 332
699 613
14 499
11 656
87 379
135 438
165 71
105 415
537 127
124 26
457 12
117 8
378 96
662 79
10 234
534 47
274 531
368 288
328 87
242 123
465 86
560 338
156 374
461 401
500 294
427 665
305 252
672 683
347 341
470 356
574 302
112 147
542 188
434 578
275 384
701 448
178 268
495 333
350 664
443 148
256 168
522 561
419 492
251 475
132 429
539 414
439 359
560 279
547 1
156 530
94 565
686 271
541 188
313 190
151 54
46 406
631 567
675 57
67 224
531 608
361 78
29 99
436 589
377 281
298 241
519 100
104 504
371 354
691 392
543 550
445 297
255 83
573 228
139 348
161 379
254 521
456 692
619 190
579 4
180 586
244 407
394 57
209 63
410 609
163 661
457 607
256 420
398 537
357 537
183 226
624 145
45 378
136 373
276 423
85 455
307 328
161 701
93 78
472 502
395 635
170 561
249 426
279 647
261 635
191 153
159 113
297 614
199 432
695 474
154 78
638 169
114 507
578 207
584 58
417 688
401 587
547 649
311 534
303 280
177 493
141 335
314 438
657 512
168 650
285 30
436 221
609 550
26 194
465 318
251 180
13 651
65 559
308 84
101 610
73 277
111 213
320 133
650 276
645 527
634 638
265 369
157 582
627 592
75 390
618 325
569 631
685 343
197 291
426 297
609 207
573 428
420 192
561 77
176 213
603 518
149 577
185 305
457 520
605 531
618 521
565 486
159 548
537 356
547 671
361 163
177 643
591 596
133 159
381 17
371 283
534 519
568 428
532 323
246 435
563 163
664 426
357 532
682 602
596 527
571 665
689 46
606 287
350 37
445 30
463 114
21 296
341 588
22 171
619 677
314 480
138 687
614 203
517 594
103 120
419 383
83 116
428 689
402 487
434 146
225 196
669 245
200 309
541 221
188 458
196 502
647 43
196 559
655 421
161 467
540 579
148 331
403 284
318 104
69 461
659 293
365 335
246 564
352 85
83 540
252 688
340 607
29 535
464 393
254 624
158 502
211 305
131 613
588 158
425 366
618 91
367 281
426 613
143 76
697 635
615 657
621 663
562 359
205 34
50 167
366 617
668 285
220 98
607 516
665 330
180 581
130 547
570 264
167 11
339 572
645 663
528 273
333 388
340 247
130 389
413 496
13 380
79 232
186 685
457 149
23 345
438 152
600 306
415 65
25 462
637 378
132 172
650 174
268 289
420 398
386 131
192 399
219 680
339 113
373 504
671 104
148 407
255 456
421 378
230 445
548 165
121 680
45 480
152 312
477 280
8 161
268 629
588 316
450 669
528 420
71 384
535 34
139 255
411 368
408 257
241 529
645 285
307 505
596 82
83 313
652 202
220 629
539 516
653 287
483 479
5 262
162 249
295 9
503 4
376 209
671 325
446 323
318 461
537 622
251 619
233 202
119 453
539 657
267 490
653 459
677 657
19 137
204 314
145 415
26 229
333 405
262 77
27 579
538 272
500 87
189 441
698 17
192 244
382 168
442 333
