277 39
5 1 5 2 3 7 8 8 10 1 4 9 7 8 7 3 6 9 1 3 8 10 7 10 2 9 7 2 4 10 1 6 4 1 2 4 10 3 8 4 3 4 9 1 1 10 1 4 3 4 8 1 5 6 7 1 3 4 1 2 5 10 8 10 1 3 1 1 7 1 4 3 8 5 3 4 5 6 5 4 7 4 3 10 1 2 9 4 7 5 2 6 9 3 5 9 10 9 6 3 8 5 5 9 6 10 8 2 3 9 1 2 3 7 1 1 5 9 5 6 6 2 8 4 1 9 4 5 5 9 10 3 8 7 10 3 8 5 2 9 5 4 5 6 4 5 6 10 8 1 5 10 6 4 9 5 3 2 9 5 2 1 10 7 4 1 5 4 8 7 6 4 1 3 8 1 6 9 8 3 9 2 1 4 10 6 9 1 6 7 4 10 9 4 8 9 6 4 3 9 3 10 5 4 4 4 6 10 6 9 4 5 3 10 10 3 4 2 2 5 6 6 8 5 1 10 2 10 1 10 9 1 3 8 4 1 3 6 5 9 8 10 4 2 3 7 1 7 6 3 6 3 3 2 3 3 9 10 6 5 8 1 5 10 7 1 2 8 1 4 8 2 4 4 4 4 7
172 59
211 154
87 216
16 44
104 236
148 48
213 163
219 260
137 40
61 46
240 5
171 228
249 103
188 33
46 89
72 134
47 144
110 36
21 245
55 232
201 173
163 43
22 106
269 64
131 256
207 55
140 238
144 1
100 153
180 20
266 268
275 263
230 33
122 189
174 134
44 8
219 201
82 200
124 93
84 9
60 256
20 234
254 35
127 95
185 47
152 84
65 176
276 273
274 127
121 224
152 4
205 236
239 30
139 205
39 258
72 177
92 204
137 160
247 15
106 181
5 89
49 81
197 202
38 137
231 206
58 44
154 42
61 209
144 244
203 40
157 219
46 228
4 1
108 97
169 220
36 206
59 70
21 271
246 111
168 232
259 195
153 91
16 222
221 125
163 127
97 28
16 134
93 6
148 123
174 114
134 137
59 183
250 257
25 53
126 238
218 229
276 233
136 197
120 272
35 10
23 89
253 241
179 77
178 2
23 261
31 175
204 217
267 150
16 93
116 117
1 2
52 40
258 19
59 46
123 85
75 259
258 221
141 22
86 175
136 199
122 275
274 18
145 179
93 111
196 194
134 1
94 18
210 120
214 36
181 268
7 114
100 225
101 3
116 63
169 2
1 48
166 98
198 17
219 2
29 49
211 36
1 197
97 237
33 69
186 1
40 32
10 107
221 267
205 25
18 257
130 233
205 132
24 153
209 88
191 181
71 111
185 193
13 253
181 197
113 211
108 30
57 219
101 189
76 25
76 109
116 262
129 5
253 16
158 270
264 113
50 12
39 118
207 18
47 66
147 67
151 147
182 134
196 184
242 167
143 24
174 96
64 78
12 156
162 46
11 65
132 195
112 125
83 244
256 181
97 112
224 37
46 243
197 24
22 170
192 187
251 107
56 249
205 272
46 253
227 156
246 135
14 99
167 193
271 37
226 252
137 68
72 277
32 10
132 147
205 11
189 4
79 227
41 113
70 26
208 125
249 40
163 156
102 54
70 158
111 212
205 27
233 136
238 179
257 149
53 138
155 93
40 97
16 165
133 10
229 205
90 136
248 206
48 216
142 265
272 31
47 161
49 216
246 51
134 205
80 226
237 62
191 192
198 4
245 164
221 180
73 17
232 105
116 235
195 196
102 197
25 274
128 25
265 80
80 15
98 233
262 74
116 44
45 102
189 115
223 68
144 119
11 34
32 217
215 189
116 190
10 159
142 253
64 58
196 200
271 255
155 211
99 114
255 205
181 33
267 179
146 136
