105 91
8 1 3 8 8 9 5 2 8 9 3 2 4 6 3 6 5 9 8 8 5 9 9 10 9 9 5 6 10 2 9 10 2 3 2 6 8 9 5 5 9 4 10 4 6 7 7 5 1 5 7 7 7 3 2 6 8 10 6 4 9 3 6 3 6 6 4 10 8 10 9 10 3 7 5 8 10 1 7 5 10 4 5 5 4 3 3 4 4 9 8 10 10 9 2 2 1 3 2 10 9 8 7 2 9
16 53
98 11
47 77
24 48
58 6
40 1
93 27
59 102
21 50
2 26
19 100
16 42
30 35
3 41
36 101
70 85
91 50
56 71
27 50
99 1
46 96
62 86
13 100
61 39
4 72
101 27
105 2
58 35
62 8
34 90
23 52
85 104
7 41
23 1
55 101
35 39
84 44
77 50
35 46
90 42
77 49
2 57
12 101
13 63
95 31
24 10
79 43
103 55
104 25
94 34
83 7
95 52
50 18
65 17
72 88
3 51
54 17
9 37
18 80
102 16
97 16
14 5
17 35
73 65
66 104
28 88
1 81
17 23
69 70
102 15
72 62
100 64
1 60
32 85
32 56
74 9
38 58
76 7
64 87
20 23
78 90
5 48
84 49
10 82
85 68
1 50
85 64
72 50
29 1
85 67
23 104
45 27
41 99
40 92
79 85
84 22
84 24
2 21
75 27
89 90
79 11
50 42
2 9
33 10
