497 264
10 4 8 8 5 9 8 3 5 4 10 2 9 5 9 4 9 1 8 10 5 6 10 9 6 10 7 2 7 2 9 9 9 9 9 4 8 5 6 7 6 6 7 5 5 5 6 7 8 5 4 3 6 6 3 6 7 3 1 10 8 5 3 8 4 10 1 10 3 10 10 2 10 1 10 9 6 5 6 8 9 1 8 2 10 3 10 9 8 5 3 5 3 10 8 5 10 5 10 5 7 4 8 6 8 2 10 5 2 9 1 1 2 2 3 4 9 2 2 4 6 8 4 1 2 2 5 1 8 6 10 7 9 3 10 2 3 10 5 2 9 4 4 4 2 9 6 1 6 5 2 1 10 10 9 9 4 2 7 3 8 8 3 10 3 4 1 10 6 2 5 8 10 8 6 6 1 5 10 8 6 8 4 4 4 3 5 2 3 5 2 8 7 6 2 2 2 9 4 7 7 6 6 8 8 10 7 6 7 1 2 1 4 2 8 5 6 4 10 4 1 10 6 7 9 2 1 2 1 6 8 8 4 1 6 6 2 9 3 5 1 7 4 1 10 8 9 4 3 9 7 8 7 6 6 5 10 9 5 6 5 5 3 7 3 8 8 1 7 10 9 2 3 4 3 8 6 6 3 4 3 3 2 6 1 3 2 1 8 8 6 1 5 1 9 2 5 4 8 7 7 2 2 3 3 3 9 3 4 5 1 6 3 5 10 2 1 4 5 10 8 3 5 10 9 1 6 5 2 1 2 3 5 8 8 1 2 8 1 1 5 5 8 5 6 10 10 7 9 4 3 7 2 3 9 4 10 1 6 7 9 9 10 8 10 9 8 7 7 7 10 5 3 1 1 8 8 9 9 5 4 2 1 6 10 10 1 8 7 3 2 4 4 2 5 7 3 4 9 2 6 9 3 2 8 8 4 5 6 9 7 7 10 10 4 4 4 2 7 3 5 3 6 2 7 2 3 9 6 4 7 8 1 10 1 6 6 3 8 5 8 6 5 7 2 8 1 9 5 1 6 4 9 8 8 3 8 8 1 6 5 1 3 7 9 6 6 10 4 2 3 4 2 6 7 2 6 10 4 9 2 8 10 8 3 3 4 5 2 8 9 3 3 3 2 7 5
191 74
360 76
104 462
298 281
338 402
10 317
316 223
15 214
236 343
413 365
171 474
137 85
103 383
484 450
397 178
18 24
259 11
376 344
162 268
351 96
93 389
353 459
163 68
91 237
46 471
372 375
91 227
361 24
229 13
495 282
304 434
132 114
421 350
450 137
392 132
479 67
260 213
52 408
207 34
90 181
222 497
340 334
365 419
374 147
430 290
395 438
214 343
127 123
379 411
309 92
83 360
276 6
452 50
57 212
168 90
441 202
209 48
35 251
203 276
397 399
141 450
364 238
462 10
113 124
228 478
136 478
437 248
320 29
35 152
382 155
13 307
247 101
384 344
71 283
97 168
472 152
78 424
360 301
487 27
426 206
144 356
72 117
240 290
57 396
224 49
357 41
264 144
325 201
445 371
453 231
328 165
322 167
354 63
297 419
19 419
473 304
204 449
57 260
287 144
412 210
487 377
223 185
205 357
20 262
77 300
446 243
141 44
241 176
258 447
40 16
245 186
315 13
304 419
213 151
269 450
164 301
314 238
198 381
54 386
140 37
403 48
450 297
156 92
276 105
102 135
362 248
28 448
193 399
4 332
411 470
416 102
232 234
345 429
29 148
401 279
362 1
284 219
177 408
59 374
45 294
92 187
264 1
368 186
460 408
59 384
171 10
20 258
35 390
171 362
341 50
295 283
173 159
163 88
289 118
4 293
218 81
98 42
331 489
477 60
197 223
349 153
476 10
261 306
145 335
130 207
414 18
65 145
59 348
238 183
229 7
487 267
279 202
467 487
350 305
194 251
259 229
445 74
127 199
390 225
437 180
346 421
482 32
216 427
92 456
224 488
487 167
259 2
54 373
107 111
313 105
66 494
252 158
144 314
140 84
95 38
61 178
259 101
142 452
102 374
94 182
77 65
249 330
273 140
257 472
105 291
192 152
173 274
195 69
152 171
371 109
148 436
120 23
422 3
394 172
30 27
102 487
395 68
18 113
402 451
226 270
241 465
201 129
286 49
249 475
242 99
348 235
455 389
302 264
395 244
423 386
264 379
131 245
47 360
241 140
439 13
407 280
440 355
199 282
248 59
215 163
492 75
484 451
360 417
440 461
333 360
389 109
71 308
106 242
21 350
303 198
102 187
272 301
492 296
93 367
381 339
404 314
134 137
399 418
461 363
334 25
470 208
162 359
458 64
231 39
93 415
166 102
216 249
156 12
143 146
207 310
85 444
4 87
248 29
141 493
396 454
325 177
138 186
161 302
99 431
136 80
162 420
271 146
356 232
255 10
464 281
154 249
152 358
87 410
45 464
235 223
323 452
357 253
362 494
217 336
368 337
491 31
39 70
300 349
233 133
121 46
342 393
457 333
451 211
62 400
280 63
348 206
490 154
449 311
8 154
98 353
326 348
178 388
5 175
324 141
227 381
215 391
461 250
261 422
279 140
115 265
220 425
343 230
393 98
249 493
173 174
394 87
212 94
248 249
241 216
466 438
297 406
314 385
86 63
329 25
314 63
224 288
190 370
36 21
89 107
77 188
261 128
122 14
63 392
1 278
411 79
179 126
202 200
224 229
444 55
281 411
382 381
169 127
28 178
313 479
65 160
399 17
198 486
318 467
103 335
261 31
81 74
37 319
14 493
350 224
370 64
481 282
85 115
371 2
170 457
315 266
387 195
334 108
283 449
292 268
183 366
114 58
259 110
379 64
252 59
361 188
149 301
325 357
443 171
70 154
69 99
226 485
1 382
300 100
117 178
28 127
480 217
53 270
229 483
442 269
215 399
374 121
15 68
95 161
100 378
78 489
82 432
405 447
11 260
87 259
271 411
482 162
463 168
360 248
2 16
362 25
99 23
468 434
275 495
226 254
113 73
98 425
261 83
207 361
380 1
106 256
496 388
217 416
43 188
357 327
93 312
126 105
283 77
162 447
125 16
264 399
382 51
90 201
196 425
435 353
399 313
342 321
112 486
347 135
309 157
489 349
428 226
164 352
11 1
235 341
271 56
215 5
162 35
127 60
263 396
304 285
246 314
18 446
9 151
398 1
487 429
375 399
386 341
1 361
497 35
226 125
269 369
314 139
241 22
133 257
189 193
342 219
353 299
210 333
264 430
492 300
144 116
48 248
150 210
187 98
433 441
362 184
175 173
239 363
62 283
487 119
33 152
386 432
89 5
393 478
235 325
221 474
106 71
329 289
341 245
278 26
328 87
397 469
96 202
277 280
461 397
64 409
