68 13
9 9 8 8 10 7 1 6 2 10 5 4 5 1 2 9 6 7 5 9 6 10 10 1 1 9 9 4 5 9 5 1 6 1 7 2 4 9 4 9 8 7 4 10 10 2 6 5 3 4 10 5 3 4 10 4 7 5 6 8 3 10 5 7 5 8 9 8
16 39
31 30
22 67
7 64
8 50
61 7
54 29
14 2
45 5
9 65
67 41
58 26
13 42
1 61
1 37
44 59
23 1
28 45
6 66
10 61
17 61
65 27
68 13
36 40
68 32
30 29
6 42
18 57
3 11
42 1
59 58
62 57
51 64
58 36
67 3
15 13
58 19
29 60
55 13
25 58
1 45
4 6
24 67
67 64
35 26
31 2
46 20
65 10
63 54
21 57
40 48
6 56
62 7
38 33
26 8
6 16
12 24
42 25
54 42
45 47
26 34
26 49
22 53
33 61
6 20
52 45
43 4
