634 493
2 9 6 3 7 10 9 2 6 6 5 5 10 6 7 6 4 6 9 4 4 3 9 4 7 1 8 1 10 7 8 1 4 7 6 2 9 1 6 4 9 6 10 10 7 3 9 5 9 7 8 8 4 9 3 4 9 6 4 5 3 5 4 7 6 2 3 6 7 9 10 8 8 6 8 5 9 2 6 3 4 10 1 9 5 7 7 7 1 10 1 8 3 7 4 4 3 1 1 8 5 9 5 5 5 2 3 5 3 10 2 7 10 10 8 7 8 10 1 8 1 1 1 6 10 1 10 4 2 10 7 4 5 2 10 4 2 10 8 1 6 9 6 5 8 1 7 8 1 8 5 4 9 4 9 5 8 4 2 5 4 4 10 3 4 3 6 2 7 8 2 3 9 5 7 9 1 3 9 7 3 1 6 5 1 5 9 3 8 7 2 1 6 10 3 6 2 3 7 8 10 5 10 9 2 10 6 10 3 4 8 6 9 6 1 2 2 3 5 2 1 1 7 1 4 4 7 5 8 1 3 6 10 5 2 10 10 10 10 4 2 3 8 10 4 2 2 7 1 5 8 6 10 8 7 6 8 2 2 8 1 10 8 7 4 7 10 7 8 2 2 1 7 2 4 2 2 3 3 1 2 7 8 8 1 5 1 4 9 8 9 9 8 7 7 4 7 4 6 6 9 7 6 5 4 9 10 2 2 9 8 4 6 9 10 3 4 5 5 10 10 6 4 5 10 1 8 2 2 7 7 2 8 6 1 1 1 3 8 10 1 2 10 2 1 5 8 3 7 2 1 1 6 8 10 1 8 2 1 4 4 4 7 1 8 2 8 2 7 5 1 8 6 8 3 3 4 5 1 3 6 4 2 1 9 3 7 9 2 8 5 8 5 10 9 3 9 8 9 5 5 7 10 8 4 1 6 1 5 9 7 4 4 4 1 1 3 1 1 4 4 5 7 4 9 2 7 7 1 4 10 6 3 8 2 8 1 9 6 3 9 7 10 6 8 1 8 2 2 6 8 8 2 6 6 2 5 7 8 1 8 4 9 6 2 5 10 4 9 6 8 4 6 10 2 10 1 1 1 2 8 7 2 1 6 7 4 6 4 7 4 3 5 2 7 8 10 7 1 8 5 6 6 8 8 3 7 10 6 8 10 2 6 3 3 5 8 5 6 4 6 7 3 8 1 2 6 6 5 2 7 10 10 7 8 8 7 6 4 3 6 2 2 8 8 3 1 10 2 9 1 6 3 6 8 3 2 10 3 3 6 7 4 1 1 2 7 6 10 8 8 8 7 2 6 4 3 6 2 3 4 8 6 3 6 8 5 6 3 7 9 1 2 6 4 6 5 7 5 5 8 1 2 7 4 5 6 6 6 3 1 5 1 3 4 5 1 1 6 9 7 10 3 10 6 10 6 1 3 4 3 2 9 6
157 261
328 447
471 603
21 41
560 418
155 453
207 379
622 564
592 546
369 103
14 624
115 490
465 153
1 559
240 319
379 501
556 533
206 213
386 258
320 193
334 356
152 504
300 516
29 79
247 303
463 602
473 361
54 307
86 42
323 227
22 121
501 499
520 388
298 284
389 395
29 365
124 593
243 459
286 319
464 444
447 316
40 28
62 597
227 46
257 574
76 438
1 80
113 454
350 1
616 618
100 612
275 553
173 386
624 267
583 357
396 490
87 122
63 123
228 532
304 455
586 539
588 116
201 469
37 512
20 631
100 251
74 419
338 580
284 299
451 92
52 1
386 408
165 45
382 48
198 490
249 139
467 61
497 504
28 128
330 608
586 104
618 632
139 293
334 10
301 239
470 543
1 21
53 550
460 1
163 417
133 188
86 5
2 36
4 508
629 459
414 560
245 189
402 277
606 464
398 142
30 581
609 117
40 561
285 70
353 373
77 594
358 200
615 347
195 94
362 483
280 17
367 196
89 573
44 30
209 254
379 417
569 613
136 430
14 219
462 483
607 49
370 345
495 506
313 72
153 173
423 304
519 164
407 236
410 448
293 64
209 450
393 22
505 359
256 243
600 535
371 480
527 99
310 112
393 16
378 570
268 472
59 70
410 246
463 154
78 237
141 176
97 337
525 611
495 398
1 79
457 191
496 399
48 329
555 237
111 234
16 39
576 384
550 460
214 335
478 299
14 510
108 292
79 351
626 317
314 85
170 299
313 332
602 147
44 572
508 386
17 204
531 369
359 374
352 522
286 109
199 367
42 217
35 237
406 368
15 63
243 363
417 210
241 208
125 12
188 451
6 578
53 50
529 478
151 543
30 494
95 631
553 542
451 19
439 316
146 623
559 552
577 233
516 32
55 153
562 590
51 31
330 349
323 581
599 357
137 563
181 118
403 526
376 63
141 79
542 179
554 498
30 281
514 353
372 288
446 100
574 108
232 572
371 533
447 260
156 279
521 578
132 593
67 579
253 352
302 398
21 68
235 65
339 452
586 222
431 96
606 627
541 523
173 111
215 628
242 597
271 310
335 148
599 39
509 190
49 44
460 361
422 398
593 553
345 194
223 533
185 10
243 30
272 621
247 94
82 100
41 631
373 287
204 361
296 472
119 413
167 578
633 455
533 268
581 579
530 182
18 558
145 445
84 490
178 440
327 68
208 581
559 383
594 205
342 315
591 274
226 90
620 225
105 159
10 159
247 86
15 250
101 295
36 379
186 559
367 360
48 89
426 559
65 307
387 289
248 360
181 589
383 536
172 110
370 8
54 318
12 449
74 15
211 170
519 461
594 58
215 89
25 79
17 265
473 582
446 175
218 618
415 523
224 408
304 24
485 515
16 229
157 530
50 56
544 379
102 434
73 386
312 619
93 25
56 118
145 11
597 294
488 285
47 367
423 502
340 606
273 173
271 201
226 44
530 76
58 504
446 360
49 392
191 501
577 333
341 15
15 474
439 65
40 305
471 98
383 380
96 153
255 543
140 377
22 178
366 569
230 130
4 3
348 511
563 282
201 325
165 606
414 259
470 416
323 591
368 54
519 26
220 202
302 79
313 523
620 501
568 602
315 176
248 412
586 219
65 372
36 229
508 484
76 470
141 547
78 343
441 402
182 427
506 213
6 405
307 81
486 444
489 228
549 323
272 18
34 417
400 456
546 417
65 343
166 443
205 337
154 481
626 113
108 463
460 463
470 622
281 168
304 172
476 79
571 634
252 355
185 482
25 252
360 140
93 587
545 597
43 505
400 219
269 10
309 144
300 421
567 445
60 13
302 247
374 228
119 308
88 331
246 7
228 409
229 85
408 264
190 469
250 614
162 324
559 66
269 326
353 542
513 18
187 329
559 625
598 195
625 151
147 364
532 23
545 274
131 622
596 248
362 613
156 141
441 338
523 566
167 69
9 284
625 503
401 326
597 584
531 395
143 577
145 1
101 602
527 371
533 277
549 432
402 38
177 366
91 548
263 33
495 517
59 441
601 197
174 262
551 101
460 581
582 221
330 185
537 544
75 336
114 205
554 367
553 8
374 495
582 458
525 192
197 158
230 383
14 524
65 60
184 480
226 166
429 161
226 319
437 374
606 613
284 219
117 235
494 468
595 581
466 556
21 236
551 630
266 286
122 14
404 50
263 507
419 116
515 405
460 65
336 626
421 226
274 519
306 117
126 14
269 193
531 360
458 575
140 141
129 275
428 275
491 471
238 512
180 553
65 171
390 590
221 134
405 138
394 400
107 533
424 233
471 135
498 27
372 435
523 520
455 528
312 549
550 540
7 446
313 214
548 314
525 336
244 255
510 452
350 479
358 7
237 623
120 187
490 510
239 35
385 415
187 475
617 420
245 122
21 397
96 1
513 442
322 545
480 308
375 10
354 154
217 71
231 41
518 263
36 270
525 352
412 493
512 141
590 581
361 384
40 84
501 276
520 500
326 538
491 563
496 172
518 615
106 284
549 405
147 425
546 149
289 83
304 610
523 591
495 606
346 202
224 31
96 160
510 344
409 290
534 238
263 523
293 15
161 165
258 632
414 471
18 101
469 463
634 15
246 449
96 533
237 321
605 365
585 243
348 547
381 520
434 491
54 430
185 108
411 126
281 604
297 282
564 88
278 213
469 233
336 361
209 93
495 216
291 190
602 205
154 378
229 1
557 313
600 371
35 127
338 324
565 622
455 236
329 49
283 307
463 169
463 553
477 508
302 289
617 578
203 430
311 626
369 492
357 212
150 554
559 451
309 402
436 538
155 74
141 471
65 63
329 183
346 613
158 379
255 487
336 433
57 559
314 391
175 526
219 559
174 204
121 467
