588 173
10 3 1 7 3 8 9 6 8 6 10 8 7 4 2 5 7 8 6 3 4 6 2 8 9 7 3 2 1 2 4 3 10 1 1 6 6 7 1 5 4 9 6 10 4 3 7 8 5 6 8 10 8 8 1 7 3 1 9 10 4 3 1 5 4 3 7 9 3 2 2 3 4 1 1 8 2 9 9 7 3 3 2 9 3 5 1 4 3 2 6 6 3 8 7 2 7 9 9 7 1 2 1 10 9 8 9 7 4 6 6 1 7 2 9 7 10 9 8 2 4 8 5 2 4 1 5 7 8 9 10 7 3 6 2 4 1 1 2 10 1 1 4 6 9 5 8 3 6 5 6 8 2 5 4 9 2 5 4 6 7 2 9 10 5 4 6 7 2 5 3 5 1 3 9 5 10 8 10 2 9 8 1 10 7 1 9 9 7 1 6 2 9 8 3 8 10 1 3 4 4 9 6 6 2 10 7 4 6 3 2 5 4 10 9 9 10 3 5 10 7 1 5 6 2 6 6 6 4 6 1 1 4 2 7 7 4 3 8 1 8 8 1 1 2 8 4 4 5 3 7 7 3 5 3 4 7 3 5 10 8 5 8 8 10 3 4 8 9 10 6 1 2 10 4 4 1 5 8 5 4 5 1 7 8 6 3 3 4 4 1 8 8 10 8 3 9 2 7 6 10 7 1 4 2 10 5 9 7 8 10 7 1 1 6 3 8 7 9 3 7 2 4 7 8 3 3 2 5 9 9 3 7 2 10 6 10 7 3 8 7 5 9 6 10 10 6 2 7 4 3 5 5 7 6 6 2 1 4 7 3 8 4 1 7 10 1 5 6 5 3 2 1 10 3 3 2 1 4 4 7 6 3 4 5 8 6 2 6 9 9 5 4 3 2 8 7 7 9 9 2 1 6 6 9 4 3 7 10 4 7 7 2 10 4 2 8 5 6 4 1 7 5 1 9 9 5 2 1 3 5 10 6 4 10 2 7 1 1 9 10 7 7 6 3 9 4 2 9 5 7 7 2 1 3 10 3 1 9 7 8 2 10 4 7 6 6 6 3 7 9 1 6 4 9 1 7 5 3 10 7 1 1 3 2 4 6 2 10 2 9 6 6 1 2 9 2 6 5 8 9 4 7 4 4 2 6 5 10 8 5 7 3 9 9 2 10 6 1 2 2 4 3 7 3 10 6 6 5 10 5 6 9 7 7 4 3 6 3 4 4 1 3 8 8 6 3 8 4 5 8 1 2 4 5 8 8 4 7 1 1 10 10 3 8 3 5 10 9 6 10 4 7 1 9 8 6 10 3 5 3 2 8 1 1 6 5 9
377 117
282 580
161 248
580 487
519 383
244 288
33 330
84 557
414 352
103 303
445 346
133 551
181 190
261 424
290 459
255 558
494 372
530 248
184 138
260 98
573 430
336 442
4 192
425 549
151 394
263 447
483 490
185 261
105 2
198 259
275 497
160 444
102 213
474 236
541 577
13 534
410 264
411 117
430 574
175 387
292 91
276 109
269 158
541 416
530 104
305 196
265 277
116 571
545 262
328 238
567 434
245 542
387 64
91 14
13 457
228 579
562 226
585 262
399 341
218 302
170 118
181 512
184 334
148 271
77 581
412 372
214 99
408 509
557 31
135 198
571 356
224 580
303 12
68 393
300 128
561 364
572 276
234 315
169 126
361 316
451 346
372 415
85 495
420 12
161 563
171 172
452 558
480 171
580 1
193 116
269 155
197 71
298 528
531 332
216 58
558 427
406 477
72 43
82 286
567 38
49 168
503 560
491 273
337 84
335 489
343 477
203 105
69 71
417 112
29 12
445 210
349 80
8 544
452 375
401 59
180 443
402 516
276 220
83 281
314 329
488 6
413 447
356 289
392 372
435 27
212 7
295 276
509 218
530 86
31 505
405 474
17 352
1 21
199 252
349 305
129 14
62 275
118 430
501 47
482 437
222 263
566 426
390 337
79 1
216 341
541 273
413 260
518 25
468 83
1 64
502 507
252 294
71 424
505 437
271 441
467 392
447 310
64 453
443 200
339 62
555 459
359 224
532 107
459 122
543 180
447 503
573 315
277 458
9 299
217 62
43 510
443 350
432 294
60 543
67 159
253 50
232 289
506 31
332 400
171 189
226 89
311 131
312 539
562 423
579 297
171 6
380 365
380 36
141 170
452 334
309 67
140 462
518 373
10 143
549 127
81 459
123 582
110 215
187 216
91 90
24 342
205 118
452 483
201 508
478 499
88 484
242 523
267 250
64 555
514 389
463 134
201 186
202 554
55 320
436 289
460 92
327 517
418 426
396 446
185 306
353 7
399 429
181 492
194 366
191 174
370 572
447 187
540 19
231 33
20 344
245 187
297 225
229 283
182 576
318 362
418 114
149 256
54 375
382 364
22 501
261 27
181 55
564 9
35 344
450 72
22 549
580 496
388 184
66 182
203 139
242 554
326 312
101 366
5 92
291 503
465 582
302 61
14 160
73 31
367 580
172 227
531 425
290 211
301 362
474 307
250 496
49 271
158 555
206 364
289 40
115 83
102 209
398 221
498 261
422 420
220 23
554 421
384 554
144 141
128 49
178 314
97 352
402 27
372 342
554 168
30 328
147 579
195 209
426 345
152 71
37 225
417 533
164 585
156 391
267 515
239 452
4 273
246 302
256 214
364 338
378 128
437 456
450 166
569 511
308 567
31 509
537 118
177 493
533 407
252 584
96 93
565 297
53 363
410 167
254 302
188 334
325 548
11 357
258 146
289 284
472 22
76 486
426 63
334 314
260 391
249 44
373 16
241 577
51 62
537 348
41 287
59 293
233 259
123 558
522 88
540 22
462 245
163 131
68 134
581 28
76 218
583 499
446 157
349 587
417 454
266 289
215 231
165 306
171 64
524 364
39 320
120 462
1 509
395 428
499 179
431 88
74 168
501 460
118 410
65 201
405 397
123 124
228 229
559 286
62 392
182 168
162 334
464 509
420 347
176 469
83 34
38 111
554 248
279 81
331 552
239 145
143 101
245 220
281 368
177 568
40 536
293 54
509 541
555 477
245 196
261 187
274 83
32 501
87 445
570 441
463 298
56 30
477 83
520 296
213 285
15 472
235 189
445 289
366 438
207 121
57 537
385 58
397 496
180 168
98 504
46 76
3 307
325 314
510 333
581 344
567 571
487 16
3 270
153 418
334 207
174 52
261 452
220 265
142 75
494 319
426 141
379 211
529 552
117 372
353 578
356 460
433 102
567 363
380 384
402 249
247 354
248 362
228 298
258 313
117 219
1 257
420 64
533 474
398 174
526 74
174 538
352 387
220 354
125 539
368 93
373 251
140 113
446 22
123 394
550 584
183 128
64 424
243 500
419 169
549 358
439 487
70 398
327 483
281 316
534 95
14 119
280 539
588 458
7 67
321 418
541 559
341 353
369 240
173 41
374 541
521 130
208 201
580 191
85 554
527 177
535 187
474 381
201 581
138 132
187 95
317 245
256 556
86 45
525 469
403 62
64 62
499 73
214 395
532 397
450 328
142 160
571 409
558 469
371 415
540 49
484 177
94 117
72 452
544 387
441 230
229 435
64 331
441 386
243 470
366 172
507 461
270 26
137 430
49 64
236 340
177 540
73 324
102 218
405 419
297 448
466 359
171 287
428 424
352 547
33 304
507 7
171 42
55 580
204 364
294 44
322 513
383 162
278 389
404 586
313 47
201 22
75 49
521 561
551 484
261 106
323 334
516 575
471 156
355 413
389 85
53 272
22 449
447 360
376 259
424 299
335 255
513 542
440 585
375 562
534 78
585 1
553 237
581 136
100 488
231 404
191 18
268 169
581 240
12 479
206 118
172 511
476 170
243 215
485 477
259 244
384 539
83 150
455 293
442 22
475 182
131 446
84 223
148 108
553 217
11 174
351 447
541 141
561 48
228 154
520 36
50 88
105 428
587 546
473 580
452 404
376 289
481 216
