510 488
4 3 9 6 6 9 9 8 4 5 4 10 3 9 7 10 2 4 10 8 9 8 2 6 10 8 6 7 7 1 8 2 7 7 8 9 6 5 2 5 10 10 1 9 3 7 3 5 3 3 4 7 4 8 1 3 8 8 6 7 6 1 7 2 3 9 10 2 2 1 8 8 5 1 3 8 10 8 10 9 1 10 1 9 6 7 1 4 9 2 4 8 10 4 7 10 2 1 3 5 3 1 7 3 5 7 1 8 9 6 3 3 10 2 5 5 3 3 10 5 7 2 3 10 8 7 6 10 5 5 5 5 9 10 10 1 3 10 8 4 10 7 4 1 2 9 2 5 8 3 9 8 1 2 3 5 8 8 8 9 8 9 8 1 7 10 9 1 4 6 8 1 6 7 10 1 1 4 4 3 4 10 9 10 2 3 10 10 5 10 4 6 2 3 3 9 7 6 4 5 2 7 7 1 7 5 9 10 7 1 2 1 1 6 6 9 9 5 10 3 10 2 2 10 5 3 7 8 7 8 5 10 7 10 10 8 4 6 2 2 3 6 10 7 5 8 3 5 3 3 4 7 9 1 6 6 9 8 7 10 3 6 6 6 4 9 9 1 10 4 6 3 4 5 6 3 7 2 3 3 2 7 5 6 2 5 3 2 2 9 3 5 8 3 2 7 10 4 5 2 10 5 6 6 9 9 2 9 5 6 2 7 5 7 10 5 10 5 6 8 5 2 2 10 7 4 2 10 2 5 6 7 4 6 8 5 7 3 6 4 2 6 3 8 2 10 8 8 9 1 2 4 3 5 4 4 9 5 9 10 8 2 7 1 5 6 1 7 10 7 8 10 9 4 8 5 4 2 7 6 8 10 6 6 9 4 10 10 4 3 8 5 4 2 5 1 1 1 6 5 1 3 4 1 3 4 3 8 4 10 6 6 6 6 2 10 4 9 3 8 7 5 4 9 5 3 4 10 9 2 9 6 10 8 9 5 1 8 10 5 4 4 7 7 2 1 4 1 8 7 8 10 8 7 9 10 10 9 9 3 8 2 7 3 6 6 8 8 2 5 1 10 10 4 3 1 7 7 7 3 4 2 9 4 6 3 2 10 2 4 8 5 5 3 9 3 4 10 5 1 2 2 5 8 4 1 8 5 9 6
446 174
352 172
111 242
28 43
36 456
484 232
271 327
114 450
311 57
344 102
504 103
410 337
81 148
43 265
125 305
257 435
48 316
195 456
397 487
330 23
283 4
302 310
49 243
381 74
4 409
164 306
76 190
60 146
203 71
154 235
80 18
189 53
195 404
279 204
398 230
65 492
375 341
419 184
185 493
50 425
35 366
439 171
413 79
79 182
227 465
258 282
116 25
498 153
180 501
53 100
130 105
10 380
9 141
195 231
220 361
164 100
385 276
237 200
200 440
351 131
7 405
170 292
296 257
423 314
413 165
376 65
159 63
183 228
244 210
232 445
48 473
357 393
292 53
156 28
135 87
420 304
386 226
441 271
327 90
446 225
471 294
308 396
244 384
286 284
336 19
56 459
7 501
326 60
1 147
429 23
107 474
67 303
463 88
282 343
241 490
38 58
466 255
480 359
10 431
389 293
106 216
3 193
13 454
452 177
380 221
239 135
166 306
172 288
147 428
103 367
383 145
394 173
273 470
135 1
307 136
455 250
147 485
486 194
481 329
162 289
170 47
75 379
472 184
134 183
500 453
9 427
68 3
437 301
104 72
75 20
432 335
380 217
14 366
82 216
126 176
215 35
460 103
91 509
490 486
416 494
471 424
109 281
256 113
131 263
1 126
28 186
493 6
179 359
219 140
43 1
149 176
386 263
216 489
100 414
194 439
429 52
257 212
335 291
472 457
32 401
463 274
324 442
70 175
494 232
416 38
358 176
160 406
61 83
39 482
464 429
428 17
287 315
28 424
408 15
397 119
73 250
440 400
219 420
214 238
9 422
333 192
334 176
3 368
276 247
307 487
91 215
22 469
28 236
350 459
258 318
383 329
464 449
88 188
15 413
260 460
177 106
33 240
229 100
113 286
510 69
453 457
410 259
183 356
249 56
106 403
402 464
178 392
86 96
60 216
1 40
60 201
384 222
11 322
385 346
187 213
114 481
272 333
380 195
127 163
264 82
301 457
289 360
295 296
268 338
423 106
416 27
234 122
299 315
308 455
57 168
463 245
363 499
78 351
482 110
173 80
449 129
382 431
211 283
370 357
75 318
122 91
356 45
71 487
43 89
407 419
216 459
183 30
283 375
72 435
312 43
2 209
153 354
186 2
309 214
114 369
112 123
478 7
27 289
504 429
368 165
57 313
200 83
211 10
166 463
46 348
88 167
115 254
153 447
457 387
10 469
41 160
265 371
173 277
26 122
99 335
100 506
76 178
163 216
55 464
393 435
453 389
372 310
305 447
214 112
75 223
291 42
207 121
235 86
48 87
411 107
483 296
99 139
75 96
362 404
152 296
158 163
399 477
76 374
363 440
488 387
250 219
487 13
43 6
461 267
59 325
81 198
298 100
217 272
370 297
304 320
468 220
353 171
125 462
367 63
453 181
419 300
283 37
436 461
95 415
24 170
388 205
156 97
67 91
131 163
245 206
121 487
92 133
390 306
458 126
451 246
150 403
338 146
314 479
50 210
359 356
75 501
305 200
269 3
144 59
109 175
227 224
142 285
444 45
282 507
401 113
26 161
243 67
191 38
173 27
282 197
339 319
405 510
359 265
421 183
248 465
18 508
398 195
457 39
286 112
105 165
305 173
406 426
200 281
491 282
91 486
242 198
111 347
29 141
169 464
77 430
361 286
123 132
359 245
378 165
101 131
342 351
388 87
464 195
505 496
251 483
93 219
122 451
21 190
500 147
270 329
210 173
133 131
506 157
477 7
442 140
29 233
261 216
329 91
51 483
290 410
253 234
365 461
331 274
65 373
475 56
151 321
417 464
219 141
281 5
280 16
412 400
117 186
44 56
434 8
430 115
313 275
443 161
120 62
125 348
254 151
215 142
106 329
435 87
21 43
460 62
254 457
25 395
116 447
216 310
232 138
12 30
432 266
94 465
248 208
270 466
218 288
148 54
447 143
296 107
424 276
85 216
43 198
122 187
487 41
160 438
198 90
155 248
323 235
283 66
345 404
275 497
84 413
505 113
137 196
437 319
349 210
1 216
175 317
141 467
446 141
415 398
102 195
287 250
112 487
259 291
428 279
225 433
448 73
355 425
446 278
273 291
340 187
92 322
396 108
172 90
88 495
99 137
359 9
340 373
500 365
7 98
202 486
464 183
224 124
19 326
81 418
456 8
325 41
188 332
33 126
487 135
280 306
262 48
31 449
357 64
453 335
418 502
165 496
503 416
173 106
28 328
275 283
248 87
364 41
417 34
500 391
215 476
118 318
343 252
12 377
158 199
128 18
463 74
501 43
