390 163
9 8 7 8 6 2 6 10 4 3 9 7 3 7 10 7 4 9 3 3 6 1 8 2 9 7 6 2 1 9 7 6 7 7 8 10 4 9 9 2 3 9 8 10 2 8 6 10 5 8 1 8 2 8 3 2 6 9 6 10 5 7 1 9 4 6 3 7 10 6 1 2 2 2 7 4 6 4 4 4 1 1 8 6 1 8 4 4 5 9 2 2 9 10 1 8 8 2 3 6 8 9 6 4 1 10 4 7 6 6 1 9 7 8 9 9 8 3 6 3 2 2 9 7 4 7 7 3 4 3 2 2 3 9 2 7 2 5 4 6 2 3 2 5 9 4 9 5 3 10 8 3 7 10 1 7 9 8 7 2 10 4 10 2 5 1 7 7 8 6 9 10 8 9 3 2 5 3 4 3 3 10 6 8 2 9 5 7 1 1 1 8 8 10 10 5 5 6 9 2 5 9 1 2 3 1 7 5 2 10 6 10 3 10 3 4 1 1 9 7 4 6 1 5 3 4 2 8 7 6 7 7 4 6 6 5 1 3 4 7 4 3 6 8 9 2 4 1 4 7 4 9 2 8 6 5 6 2 1 5 9 1 5 9 7 5 2 10 4 8 1 9 5 7 9 1 2 10 1 5 7 7 4 9 5 7 3 7 6 10 3 3 9 7 1 6 8 7 4 8 6 6 10 2 8 3 5 2 3 7 10 6 10 8 4 6 3 9 10 5 3 8 10 7 3 4 8 3 7 2 5 9 1 8 1 5 3 9 6 1 10 7 8 6 8 3 7 2 4 2 9 5 7 4 10 8 7 9 1 9 10 8 9 10 3 2 3 4 7 1 5 5 8 5 2 5 5 9 6 3 10 3 5 10 2 7 3 8 2 6
191 364
240 80
199 323
212 7
89 319
46 309
195 193
150 106
134 162
215 133
76 187
372 160
337 77
129 79
237 236
90 297
125 283
30 174
239 146
288 220
290 289
127 345
225 50
25 253
371 258
24 270
241 365
265 314
149 160
251 343
361 272
374 4
5 370
261 212
318 148
341 153
173 160
229 212
219 85
388 197
203 71
105 242
108 337
253 280
304 130
186 294
342 148
361 302
105 41
98 78
52 201
226 360
135 139
315 35
221 371
332 345
367 212
284 183
94 39
12 49
275 24
260 79
264 357
379 369
144 35
133 72
358 167
215 189
29 240
236 193
22 223
122 168
157 263
240 207
201 240
34 82
13 155
90 328
378 129
10 56
184 231
309 322
340 167
119 218
75 284
53 337
307 142
139 253
240 53
361 41
376 107
240 190
159 334
174 121
2 116
355 281
301 334
266 26
93 260
65 228
362 309
314 65
271 23
99 349
15 190
16 103
243 1
96 331
344 339
384 335
346 167
102 275
191 44
1 182
223 257
96 371
37 157
112 209
322 241
143 179
98 73
299 168
251 266
295 21
317 327
374 55
35 60
71 381
38 283
199 51
196 297
313 180
219 278
382 78
81 222
145 275
345 286
243 8
316 6
319 238
375 223
233 14
104 54
67 316
214 46
57 14
39 204
357 336
327 16
240 1
139 91
120 315
293 268
291 390
59 308
16 347
44 92
261 349
36 127
58 223
48 226
101 265
377 341
141 114
33 45
264 350
20 266
294 217
33 103
88 314
222 54
36 95
148 113
20 161
267 198
318 192
167 228
96 330
63 382
74 223
162 40
383 219
40 159
127 78
97 12
226 119
24 131
317 388
232 79
381 80
201 376
139 194
42 350
339 3
107 28
253 118
205 341
309 368
146 167
386 96
200 182
246 385
261 307
14 59
168 13
303 269
313 236
287 141
32 1
248 170
129 156
39 129
280 259
206 50
61 171
182 281
322 379
383 136
245 309
304 295
313 143
79 240
154 49
171 253
261 275
290 46
97 135
282 325
117 174
157 353
249 370
124 310
250 326
279 99
89 9
360 291
378 10
208 334
269 305
187 307
317 307
224 244
231 185
387 89
138 287
182 226
53 325
211 381
255 296
168 79
284 226
307 53
291 227
274 157
374 216
247 165
164 168
138 16
381 18
27 237
348 235
83 140
123 380
223 180
166 31
311 139
1 256
248 376
87 351
357 381
335 11
307 268
201 112
341 253
362 352
223 192
199 78
252 106
121 34
288 26
137 355
129 328
16 273
151 326
228 307
176 183
251 247
83 208
159 135
126 81
366 378
191 79
175 256
356 320
333 265
280 152
41 230
213 188
354 123
24 373
283 298
245 359
244 87
169 227
140 64
106 139
30 116
321 312
121 157
188 86
97 371
225 140
276 148
131 262
284 344
29 158
328 132
234 68
178 265
112 389
271 285
385 31
201 84
68 251
109 79
172 290
69 83
193 163
124 109
197 177
95 70
178 329
244 111
127 241
129 283
160 328
185 232
338 362
336 348
47 388
52 302
30 254
181 387
374 16
269 13
281 292
312 128
110 33
309 139
267 296
19 88
320 294
309 129
151 360
1 87
300 61
295 57
157 142
335 212
250 17
46 271
360 306
324 24
202 84
66 36
222 200
213 316
267 322
241 123
89 307
295 147
115 325
385 327
341 14
381 277
282 294
159 210
282 223
185 316
43 243
321 275
363 65
65 266
129 370
72 80
79 219
62 365
315 53
7 100
