300 145
2 3 9 10 9 7 9 8 1 10 4 9 4 8 6 7 6 1 1 4 10 6 2 3 5 5 6 6 6 7 10 6 8 6 1 7 8 9 6 1 10 3 1 1 10 6 7 8 7 1 9 7 10 2 2 5 10 4 9 10 7 4 10 2 4 5 7 6 4 2 9 5 2 7 2 7 3 8 10 4 1 10 3 9 2 3 3 8 1 5 4 8 2 4 2 8 4 10 3 7 2 9 8 10 1 8 7 2 2 7 5 8 3 7 8 2 3 5 9 8 2 4 2 9 10 8 1 3 8 1 8 6 5 1 4 6 6 8 10 3 4 10 10 3 6 9 5 1 7 2 6 3 8 5 4 1 9 8 8 4 5 2 6 8 4 2 7 2 4 8 3 4 9 9 4 7 1 2 6 5 3 9 3 4 2 2 7 9 6 5 6 8 3 5 8 6 10 2 6 6 9 9 3 5 5 8 4 5 1 9 1 9 1 6 4 5 9 4 5 4 8 4 2 10 2 10 5 3 1 1 5 8 3 4 6 9 3 2 7 2 1 3 2 6 7 3 7 6 10 7 2 7 9 1 9 6 6 2 8 5 4 1 7 5 6 3 7 7 2 1 9 6 6 1 7 7 3 4 3 4 3 2 10 2 7 10 3 6 9 9 6 8 3 5 1 5 3 5 6 3
157 155
296 279
237 189
206 61
266 161
118 103
24 165
41 263
1 102
244 202
224 176
79 186
231 255
118 142
244 293
282 21
93 90
263 212
281 297
146 3
132 162
168 142
129 201
40 61
199 300
94 3
246 31
96 217
45 226
265 177
60 196
185 206
206 178
292 11
138 107
67 11
124 259
189 37
79 207
240 89
118 14
256 241
118 223
258 70
276 144
191 285
85 55
279 12
252 156
192 97
73 172
133 199
286 21
238 287
248 202
143 286
170 163
94 174
52 35
168 194
118 209
173 284
252 218
145 83
273 61
164 175
65 228
269 105
231 96
68 297
255 126
237 63
61 81
277 59
142 77
235 48
95 83
249 77
21 159
265 267
199 114
299 88
26 64
53 210
113 242
275 36
69 133
183 94
70 79
214 278
272 291
147 36
142 139
167 201
135 93
20 205
123 50
49 202
272 71
285 276
231 1
263 259
116 269
4 215
48 296
121 169
136 277
141 193
216 160
23 184
77 236
231 166
114 271
295 102
31 118
128 257
290 236
288 213
286 275
38 203
268 231
189 117
29 80
211 36
294 103
264 113
233 265
261 105
220 199
256 8
176 250
5 15
104 19
163 45
182 207
242 108
221 82
298 76
227 148
238 100
192 296
280 206
135 276
262 108
92 1
98 244
173 152
198 172
214 120
1 70
279 154
196 279
127 1
173 250
15 106
175 93
214 292
183 45
295 234
75 20
230 77
115 52
10 51
56 273
49 32
42 91
220 254
291 17
265 20
243 277
232 137
43 211
153 278
16 28
99 31
10 227
256 250
79 161
26 225
109 199
69 65
275 24
39 138
226 15
292 112
282 198
257 193
120 272
104 227
24 181
142 84
122 296
207 237
19 47
231 292
137 111
86 238
22 249
244 219
29 66
45 85
44 134
142 21
250 78
57 157
113 6
252 283
33 298
70 242
206 13
276 132
226 289
278 221
70 12
74 231
63 121
231 247
130 239
200 274
275 7
208 111
118 70
81 158
118 140
274 256
135 27
183 188
276 105
53 26
263 34
277 275
45 231
151 140
52 147
91 11
110 275
86 30
87 168
197 114
21 274
119 276
80 1
94 252
149 231
251 184
259 1
104 1
25 142
294 215
167 252
119 62
242 119
265 18
206 79
127 265
148 125
138 171
44 2
239 44
36 190
295 216
226 195
89 191
31 187
253 278
117 72
213 209
95 270
215 157
86 298
236 28
234 180
204 68
179 27
45 138
69 245
120 239
298 188
279 131
222 226
299 202
231 88
50 199
255 128
69 214
122 101
208 85
46 226
206 23
53 24
287 38
206 83
150 29
245 229
260 45
283 9
144 68
140 54
58 270
