985 110
9 6 2 9 9 8 2 8 1 5 9 3 10 7 1 9 6 8 8 3 3 6 3 1 1 7 10 6 10 9 4 6 7 7 10 5 7 9 10 4 9 5 6 3 4 7 8 7 1 9 9 4 10 1 9 9 2 1 10 1 4 1 10 7 1 3 10 5 7 8 2 10 4 5 5 5 4 7 6 5 2 10 2 8 5 9 9 5 2 5 3 5 9 4 3 6 5 7 3 3 7 5 10 10 8 6 9 4 4 8 7 9 5 5 9 4 10 6 10 6 5 3 8 1 7 4 6 4 10 4 2 5 7 6 2 4 3 9 2 6 6 1 6 4 1 1 4 3 10 9 2 5 7 5 1 3 7 7 8 1 10 5 10 8 3 4 1 8 10 8 4 4 4 8 5 9 10 5 7 5 1 7 4 4 1 8 3 9 8 6 1 5 3 3 3 7 8 9 9 10 10 4 3 8 1 4 10 9 3 7 8 7 3 9 5 8 10 2 1 5 1 3 5 6 9 10 7 10 7 8 7 8 8 6 10 10 5 8 1 8 8 10 4 1 5 2 3 6 3 7 3 9 5 7 9 4 7 4 9 4 7 8 9 9 3 8 5 6 5 2 9 10 4 9 3 10 5 5 5 6 10 10 1 3 5 3 6 9 5 10 1 6 7 4 3 1 5 3 9 2 2 2 2 6 7 7 1 4 3 6 6 2 6 5 5 10 8 9 8 3 3 10 4 6 4 2 2 4 3 9 9 6 5 7 7 7 6 9 6 7 6 10 6 7 7 3 5 8 10 10 5 8 4 9 4 6 8 5 10 6 6 2 4 2 9 6 8 7 5 6 7 8 1 6 2 8 10 5 6 10 5 7 1 2 10 9 4 7 5 8 7 8 1 5 4 3 9 4 5 5 9 8 8 2 8 8 1 2 4 9 1 8 4 5 3 4 3 3 2 3 4 1 8 9 5 4 2 8 4 10 10 5 10 3 7 2 9 7 10 5 9 6 9 4 7 6 4 8 5 9 7 8 9 2 5 3 1 8 2 2 10 3 3 8 3 5 8 3 9 4 1 6 4 3 5 7 6 2 5 4 7 3 1 9 2 8 6 6 6 2 7 1 4 1 1 1 5 4 4 1 10 9 9 6 8 10 4 2 2 8 10 2 8 3 2 10 6 9 6 5 7 8 6 2 3 1 2 9 10 1 2 7 6 5 6 7 3 3 9 10 6 1 4 9 2 7 6 4 8 10 2 4 6 1 1 5 1 2 6 8 5 4 5 2 10 6 3 7 7 8 1 7 2 6 4 7 9 10 3 7 5 3 2 6 7 9 7 1 8 9 10 1 5 7 8 10 8 2 4 8 7 6 3 4 1 3 2 10 9 3 2 2 5 3 7 4 3 7 2 4 4 2 1 5 4 9 7 6 2 10 5 3 1 8 10 8 4 1 7 8 6 1 8 1 4 2 10 7 7 7 5 1 1 3 4 1 2 3 1 2 10 8 5 8 4 1 6 8 8 7 7 1 10 5 8 6 7 1 1 3 1 1 5 7 9 8 9 9 10 7 7 3 9 10 2 1 4 1 4 3 6 1 9 6 4 7 6 7 10 1 1 5 2 4 1 3 8 9 9 7 6 5 9 9 4 9 1 2 1 9 1 2 5 2 8 1 7 7 10 10 10 5 10 4 4 3 1 1 7 3 10 2 3 10 6 3 5 8 8 5 2 3 1 3 8 9 4 8 2 7 7 3 2 3 2 4 1 2 2 5 10 9 3 9 7 1 3 2 8 10 9 10 2 10 9 4 6 4 1 2 4 3 7 8 9 7 5 8 6 7 4 4 8 7 4 9 7 6 8 1 8 6 5 4 6 4 1 4 6 5 3 5 4 9 6 7 6 3 9 4 5 4 2 7 10 6 2 6 7 10 3 3 5 9 5 3 3 2 3 3 9 7 2 4 9 3 6 4 8 5 8 10 7 2 5 7 3 7 5 1 2 9 7 6 3 8 3 8 9 8 3 10 9 6 2 6 3 10 10 2 5 2 7 7 9 1 1 8 10 2 5 10 2 9 4 9 5 2 6 2 7 2 9 6 10 10 7 4 6 2 7 7 7 4 3 8 3 4 1 1 6 1 10 10 2 5 3 2 9 6 3 7 8 3 3 8 6 5 1 7 8 1 5 1 10 4 3 7 6 10 10 8 8 4 7 9 5 9 4 3 5 5 9 5 3
618 22
167 84
65 926
228 715
529 980
638 879
422 308
306 729
932 756
84 605
671 498
250 768
655 616
539 551
642 160
861 440
670 884
544 874
141 44
57 54
527 500
703 635
208 902
246 179
859 808
180 373
737 641
357 591
958 774
846 931
298 152
928 802
261 99
730 548
387 340
951 359
854 179
124 868
244 579
508 389
169 185
21 701
921 947
18 916
609 267
69 455
460 535
802 639
142 411
958 421
246 123
450 815
732 362
631 717
285 164
671 345
636 563
794 38
159 475
777 802
793 561
970 268
159 772
468 326
712 950
761 673
356 770
75 735
204 796
719 497
87 780
951 859
436 762
222 491
502 228
231 794
697 6
24 860
596 839
334 232
303 85
437 859
981 279
279 690
530 983
287 943
798 34
43 662
119 231
804 635
76 412
713 163
938 739
99 240
225 476
957 876
241 719
489 34
645 155
696 522
25 295
78 3
96 502
468 672
785 832
815 4
163 923
413 868
964 158
207 172
325 823
431 420
142 533
844 576
264 705
177 491
898 942
283 490
963 277
604 801
164 684
618 862
114 484
7 273
535 62
742 1
701 196
643 382
461 288
398 206
590 54
968 773
63 89
346 305
784 160
1 966
390 99
580 387
842 954
643 294
902 617
966 798
581 212
772 310
736 174
550 112
146 240
944 280
830 425
474 343
279 557
512 878
582 88
453 977
733 52
680 448
870 620
534 757
240 644
84 700
448 62
285 591
38 454
226 21
865 152
133 162
948 959
1 857
14 906
410 635
284 785
232 806
30 788
510 671
174 271
546 939
256 58
612 918
742 388
102 830
767 241
176 201
618 760
226 627
414 45
554 456
90 663
71 915
807 95
647 212
337 786
802 493
47 155
582 445
543 193
754 13
113 939
279 727
411 953
229 781
633 516
583 579
516 400
906 130
795 728
1 129
837 29
626 546
883 330
879 395
104 772
921 279
460 340
897 316
154 285
7 136
880 908
348 31
723 892
538 901
251 47
551 553
333 234
941 546
855 658
243 909
101 508
361 260
422 528
298 943
21 745
699 974
882 609
881 919
972 306
157 519
674 160
973 358
883 966
160 914
238 49
236 693
208 419
985 102
905 794
408 551
420 718
893 298
25 543
764 526
572 762
734 152
667 332
743 331
545 523
657 971
247 392
791 910
331 442
561 605
217 907
220 545
252 31
708 631
62 841
686 353
479 938
38 791
958 775
326 204
187 694
446 802
240 690
349 174
901 629
109 720
5 591
416 300
623 570
257 484
345 648
57 3
27 349
5 149
777 358
760 17
147 154
324 812
317 111
631 949
359 805
687 261
521 279
273 352
327 326
322 299
139 156
736 522
790 834
902 305
740 315
875 788
681 742
806 370
470 147
905 227
323 406
665 339
32 633
263 410
543 245
817 322
595 757
577 556
25 273
141 752
189 103
763 5
868 970
773 248
871 741
447 773
508 326
883 204
797 819
160 657
717 199
946 155
160 675
828 446
476 779
866 213
723 187
726 821
602 532
206 203
883 610
829 147
278 221
802 85
381 814
601 86
661 193
933 198
157 750
74 133
317 984
126 216
53 758
897 163
26 938
262 961
630 516
138 284
520 769
705 486
798 873
496 912
977 83
93 82
541 469
65 574
142 917
302 753
871 675
153 616
274 317
593 4
205 97
644 338
443 710
117 163
515 879
52 836
32 325
49 565
647 197
211 823
489 320
394 495
397 44
561 742
980 237
765 753
35 14
935 889
282 805
329 915
946 466
471 679
267 424
285 229
50 94
569 321
579 464
99 103
545 418
654 558
115 766
641 487
547 457
446 396
94 328
242 876
255 269
318 388
73 441
151 707
880 457
138 85
692 724
372 61
339 755
526 109
417 759
362 921
915 81
285 579
848 438
343 983
39 101
870 608
292 142
403 178
329 664
556 138
270 53
897 522
434 496
326 367
403 749
851 568
26 809
800 578
110 423
178 506
959 811
280 757
174 50
901 337
849 667
585 481
138 883
37 755
209 627
334 1
331 206
541 177
331 184
138 507
385 837
315 624
384 442
462 259
276 727
427 175
151 181
300 588
611 206
613 723
818 589
219 905
602 982
777 45
974 215
177 932
405 856
77 432
895 949
585 57
601 757
899 921
256 598
481 911
771 296
375 202
58 722
524 349
893 308
166 188
570 777
47 640
455 693
334 692
546 876
76 565
924 520
768 354
448 719
491 621
505 321
933 656
311 971
19 554
250 642
206 61
428 249
753 822
264 452
457 212
56 368
541 319
309 161
40 839
444 151
937 4
336 666
353 360
115 406
676 508
594 559
830 703
794 448
496 746
649 54
511 105
406 883
120 476
876 881
88 297
159 529
404 590
693 463
737 678
702 939
573 880
266 7
95 394
123 726
577 472
189 441
285 483
137 423
845 567
755 607
555 250
15 821
730 226
206 139
870 622
558 676
341 589
785 465
711 731
788 697
446 436
552 461
417 584
41 597
799 847
857 686
409 464
513 921
692 344
533 301
89 541
66 41
889 716
90 791
403 597
203 867
945 122
845 615
74 961
898 666
750 676
88 482
217 438
293 579
194 215
371 274
940 769
143 697
468 171
310 191
272 363
592 10
564 44
896 885
221 425
627 159
303 691
898 735
14 403
342 468
274 827
521 275
597 272
711 585
617 369
142 966
605 376
61 728
187 206
546 145
875 473
778 788
433 897
692 53
5 201
976 520
91 38
857 754
686 958
716 57
144 682
395 586
830 183
144 689
87 884
695 544
509 814
632 46
794 163
878 934
520 484
637 945
630 125
520 71
956 653
783 757
975 864
485 281
160 560
377 280
123 783
250 55
634 6
884 864
167 813
835 349
439 803
356 922
516 924
484 248
884 585
313 323
579 309
52 44
128 250
865 407
542 735
502 410
321 467
489 747
103 380
497 291
470 486
224 565
597 429
551 904
303 165
504 755
170 851
353 439
647 783
699 118
432 952
829 945
226 969
951 392
636 777
46 726
978 892
271 265
647 925
257 233
621 669
777 884
28 964
36 825
858 52
93 891
631 546
299 289
7 883
391 916
901 966
386 522
822 71
675 798
440 147
351 198
770 924
788 537
627 480
780 399
956 289
959 403
223 816
76 628
93 298
84 562
217 239
90 255
38 8
618 820
80 665
839 413
163 704
117 97
963 321
107 516
603 419
677 206
525 419
539 332
453 926
628 755
139 550
99 819
172 578
826 253
962 94
966 511
326 256
688 210
709 885
736 790
142 738
660 629
455 307
964 208
394 16
924 833
793 186
403 395
185 929
628 29
748 853
926 601
34 98
285 567
886 792
983 833
939 405
782 631
526 949
290 56
549 126
981 173
933 177
299 842
869 378
223 463
601 814
298 374
398 379
364 242
160 335
627 7
647 52
463 851
599 396
373 264
312 937
571 776
659 734
288 47
477 405
488 832
64 812
617 148
9 208
218 780
878 875
535 48
43 459
299 546
141 92
914 435
217 777
751 139
93 20
799 734
890 263
131 175
403 647
204 937
652 888
258 628
971 12
439 706
334 878
273 500
820 631
824 768
84 614
68 759
843 365
936 950
362 192
74 64
942 417
116 521
64 902
531 863
420 974
787 781
89 551
536 609
415 924
11 325
737 520
477 492
834 121
315 448
7 95
756 748
516 60
458 874
687 471
446 260
123 893
274 345
420 791
820 609
144 825
144 539
600 474
549 89
18 392
601 950
499 264
652 863
42 610
23 252
642 810
350 108
698 410
286 195
831 162
108 435
642 283
792 1
57 688
383 868
643 364
920 147
76 375
838 273
353 695
403 966
658 601
606 758
185 120
517 172
587 984
183 966
579 290
89 43
169 489
960 155
187 47
100 364
449 890
4 413
578 460
535 393
754 646
281 903
622 902
473 930
451 298
566 419
314 7
894 457
514 88
480 850
24 951
70 292
625 485
182 165
897 898
145 846
426 326
755 290
611 575
901 240
331 571
602 62
90 540
685 227
419 576
707 617
425 33
647 359
727 594
106 136
100 900
303 903
289 604
913 939
938 881
154 79
610 616
903 213
429 651
798 546
18 51
10 932
569 290
134 743
924 348
249 816
714 159
877 932
169 88
253 89
619 264
410 771
478 691
231 59
235 42
554 883
448 403
798 306
712 789
494 395
892 243
612 223
769 588
535 725
63 887
438 254
852 403
518 760
979 882
127 394
140 79
333 369
286 274
214 53
331 230
47 183
869 594
254 150
695 168
508 965
402 685
175 710
802 693
200 279
612 166
551 827
72 67
746 610
283 503
980 872
34 833
457 401
398 72
18 2
721 895
207 668
531 522
89 304
366 259
135 419
355 770
673 581
628 132
47 432
827 833
47 341
744 41
437 840
901 423
683 707
190 385
501 773
798 290
292 347
884 545
960 955
438 259
4 365
966 902
927 120
650 7
395 709
430 570
149 967
427 337
