375 661 365
325 450 389
389 443 317
317 636 424
424 848 826
826 898 526
9 902 318
318 739 422
422 749 480
649 662 480
161 765 705
445 777 510
510 879 203
203 603 51
51 829 585
241 733 439
439 961 851
394 397 225
855 999 778
778 990 344
85 911 865
865 926 572
607 761 524
525 791 489
398 539 327
327 664 40
40 997 414
414 566 51
51 389 316
29 535 305
643 784 42
42 711 39
39 791 710
499 829 195
195 919 424
521 865 204
488 923 470
263 850 620
607 657 41
521 650 520
520 983 34
34 907 334
334 772 229
82 795 479
479 701 83
83 855 298
298 962 715
774 997 31
707 995 67
67 842 537
537 675 167
167 555 303
147 967 587
207 892 55
640 1000 177
177 609 197
197 754 245
245 988 331
331 670 578
13 307 24
560 649 508
508 861 682
613 654 201
463 620 377
912 981 111
111 643 493
270 512 302
302 414 36
891 970 656
913 953 194
135 793 342
342 902 869
211 837 154
279 669 502
426 755 156
156 806 201
16 862 246
246 537 486
699 901 151
151 943 347
42 756 141
356 691 595
320 567 473
473 729 597
169 796 360
764 831 679
86 791 669
213 644 52
52 940 473
473 593 295
340 621 59
59 966 839
545 705 659
659 891 58
58 781 421
591 910 40
40 165 100
888 919 431
13 772 500
459 693 540
732 859 225
225 402 208
536 687 428
574 965 334
334 766 335
335 557 515
518 805 216
216 943 7
7 812 761
761 914 149
149 503 49
192 558 514
514 987 57
57 684 391
391 892 4
4 806 745
745 784 557
557 807 661
750 964 914
68 780 17
244 830 47
708 881 635
635 900 405
894 979 249
249 868 479
479 747 466
630 852 57
57 1000 842
656 661 216
216 523 45
45 856 432
882 935 43
42 624 380
380 690 255
117 262 204
204 367 76
228 733 140
140 536 216
216 765 632
525 796 532
532 933 50
50 953 497
497 804 796
796 885 459
459 701 12
12 441 191
191 776 317
317 865 320
