156 857 556 400 478 902 168 254 62
134 342 736 490 624 677 858 453 15
15 331 114 794 866 401 575 341 83
260 878 497 931 630 570 885 464 23
44 436 594 314 904 138 980 163 76
139 659 493 848 754 656 302 490 7
104 387 482 441 628 972 451 503 367
259 429 542 465 722 908 282 410 126
144 327 615 514 907 363 352 232 172
79 890 330 721 156 432 615 828 1
210 591 442 890 909 843 375 830 359
216 821 384 958 955 821 254 322 148
276 554 898 986 317 459 581 475 141
148 686 468 523 793 925 724 711 173
206 391 571 264 828 549 821 393 80
226 576 614 350 991 774 882 915 277
666 810 694 770 707 798 745 874 681
45 352 703 410 257 96 751 177 48
114 499 993 827 688 648 963 305 11
153 280 281 839 416 445 567 464 233
233 708 296 795 549 506 993 451 51
196 558 680 599 657 709 230 348 208
33 620 242 564 795 270 677 154 113
70 412 802 351 743 947 913 752 117
