4
7
10
317
3
1
3983
1
1
2970
1
252
246
4861
0
94
405
0
1
2
269
10
1
49
1
11536
4
11
22
0
0
97
3063
1
20
4146
92
5
9
9
24941
1
0
1
0
3
1
10
631
0
692
272
564
3
28112
3387
141
2337
0
56
1
12
593
19
0
58
375
1
1
479
36
113
1
4793
344
91
2
28809
19
23
11
525
38232
939
18
33159
4
18
1
2
80
1748
45
5
1
18
19
5
23
290
3
3332
0
515
0
4801
204
36885
3683
638
5
5
37616
1469
1
2595
674
0
5
3
602
1951
583
4218
154
23728
8
1
106
1
7542
20
10
4
314
3
379
1
94
320
11
501
5
22
119
21
1
33057
1817
42
0
1
78
3144
2
53
8
416
57
1
20
5
1
3218
13
0
0
25186
1
82
4841
0
4115
1
1
258
11
0
74
1
0
76
616
14674
0
0
258
39
2504
8
11800
113
59
330
2
216
7
657
260
13
50
2
0
108
1
12
0
1
5
0
85
49
5
4497
429
23062
3188
561
2560
0
4302
3696
6
104
24157
0
4994
0
4962
3
630
1885
29424
11
8944
694
442
17607
1
3
0
14
86
1
539
83
5
408
7973
27653
1623
96
37184
1
1
665
0
1279
13
0
0
9
914
111
867
6
2
5764
584
4
0
117
16970
11
36262
19
22480
32776
0
181
1
32584
4
5
24283
0
123
2
4
21
15
1
122
1116
12
4746
0
2
87
1
75
79
5
26342
202
0
27985
1583
4214
46
401
10
0
92
572
18
4140
0
38891
4691
0
4882
4
638
13817
5
33498
7
1
19
1863
