2
3459
241
11
5
243
691
16205
1
88
1
5
342
29
72
27425
4469
11098
2
13
81
24
215
13
1801
220
16
0
1
32464
16
591
1
0
22
0
0
0
61
5
550
1
35057
4
89
19
6
1
1
9874
4
0
2
15
3
34029
3709
112
699
16685
60
972
1
104
26454
1
1
45
19
21484
4
2
15941
87
264
0
1
1
7921
24293
114
1547
1649
1
2448
11
1
3175
1
4
82
0
40200
1
7
8
88
0
17019
4
26875
29461
173
3263
1
8
4467
0
69
59
115
221
34
1
10
1
14
14
2821
69
10
5
22
0
16
7
138
2732
1627
90
4896
3
343
1
7
0
5736
5
56
5170
410
360
1276
5
271
2132
19662
0
322
36408
17026
577
3
1
0
26276
100
5
0
94
21
623
17
65
3
105
1
3
64
3749
1
2
88
1
321
7663
310
1
173
4280
0
10
8535
17
3935
65
103
1028
0
2
4
1
34576
599
30
0
4113
3446
21
1
3566
5
32
40
1
1
110
4
4867
35990
8
3
21
7
60
413
598
13
8
5
4665
1971
5
0
11
0
5
5
2502
108
4400
110
569
1
568
33785
1319
0
0
72
108
643
112
8
199
1
5918
13
102
3834
18106
2830
38434
4
2
149
333
113
87
1
15
1
6
14873
2205
242
23
73
0
0
7
2309
18033
193
4443
1
1
180
26475
2
42
606
20
18415
2674
99
5039
259
35
3785
413
0
78
152
2717
5
14
1123
11
13
29463
4249
9142
0
4354
4774
20
35283
642
7862
3
208
1
1
3
104
23360
8
1593
99
1
1253
0
31272
535
1
1
1582
8
11
1
3
0
12344
1991
38439
16937
29936
1
0
1
43
2591
158
439
2
5
0
0
17
15
1
4
1
16
35260
2
602
4
4054
10
1152
26088
4631
2
1
1
34413
8523
28
130
0
2
141
173
0
4
35417
4
85
11
2652
0
596
16
2346
0
72
1
1277
1223
92
161
3395
873
33025
283
226
1
31372
52
1
0
1
338
39267
19
16
1
431
0
96
1
1489
5
168
1
88
290
1
30
337
0
28018
4017
1597
6561
0
108
0
10
81
2595
0
10
1
6
16
2335
2109
1
22830
86
3
252
16
21466
14
964
2
2
0
25711
270
2
31897
2034
9
12
14244
4119
2
1
5
15
93
26841
21
108
91
0
2
18
16771
2339
537
1
198
208
324
0
2740
87
1
9106
0
659
715
1469
8
1455
14
22
40
0
15719
11
94
3095
2954
13449
15
11
3074
3
1
3200
534
11
4296
141
604
0
20
7
211
1
6160
7
9
11225
1
117
1
1556
94
1851
16
98
17
2507
1298
10531
11315
5
2847
107
19674
2871
12152
3610
15160
50
13
33970
2
4089
23157
3464
35192
25353
2
0
5
184
5
4190
30
4
1
1951
124
1
1
4012
1
1
1371
16131
4214
5
39904
29244
39524
33
1
233
32141
3
26999
0
35009
1
3
39557
185
4
73
213
106
13
0
17060
41
611
22
14
0
4
5
136
5616
4
0
10088
1
21509
18182
2
90
2117
0
7
341
33
134
13
2
0
86
10946
0
3179
0
39
2
37465
5
4
45
0
5
4
4
1381
2
12088
137
14
48
3557
87
0
1
41
76
375
53
389
204
1
0
575
1
0
561
42
2176
48
0
10584
54
8909
51
465
2598
404
2691
1
5
4927
2925
11
36934
30506
2961
288
46
72
5
1
3
14814
150
4
16318
75
9
1484
13637
66
6
1
21
19
1
3
678
5
0
315
633
0
2933
6518
22
74
1
4
4528
1
1
125
4181
31042
29471
16
7
457
4
26442
0
62
4534
4
196
8
52
36
60
13
116
1412
4099
2288
0
1
670
582
3915
24843
675
11
2
0
0
5
3
1
653
5
114
18
33245
70
5018
1750
0
3104
4
5
4
2
48
122
5
45
49
14
17
1427
78
302
25122
50
1
11036
4
5
13833
2503
9
0
1
14602
14
599
1650
3838
1
2920
18709
99
4097
0
9980
4
3302
1
14
34853
4
158
590
0
5
19
4136
1
2
522
1
15298
44
9897
286
107
0
5
4462
0
9
0
12
3
115
4
0
3680
266
1344
255
4853
19
2229
704
0
0
0
20460
959
1
0
36043
1
4698
