0
4
18
10592
0
651
18
467
43
0
15
25
21
12
7
1
2986
14
28
2
6
22
70
10786
3278
36908
0
31185
167
0
0
1
11
18
19
15241
113
3
13
201
24692
50
1
103
7
4229
35086
4490
1
2
4
30
2
1
587
2
9
1334
649
31
0
73
29479
127
4
1968
0
2805
0
283
1
0
24306
27
76
7
0
394
0
5
1371
9888
0
570
119
546
20444
23
7
11
39174
548
14680
4741
22
35
1
1433
508
2065
4
0
119
292
30
393
2290
514
46
463
2393
10627
0
488
4554
255
8971
29047
11669
2757
1945
19086
13
0
36843
0
482
10
6
1
5
626
16
0
2874
22
3764
1710
2636
5
2
0
3
13
10761
5
0
59
0
386
5
4336
18
9740
3791
78
0
0
32
444
1
11
65
3420
21
212
14052
1355
931
62
17
23
6993
1
274
6862
5
20
2
5
3
1
53
25700
399
12766
841
218
1633
0
47
3
527
2
463
3
1
38615
6235
3577
4
2959
3
75
7
26137
116
37
37360
26948
21
602
1
0
4
44
0
10636
60
10114
70
1
1
4762
17
486
5
14381
285
0
886
1
88
180
0
2002
3
15095
0
1
4923
1
0
33425
0
3
60
1
0
21
105
22
715
4778
3695
0
1
0
3339
684
15
5
92
5
32318
176
31667
462
430
48
0
0
278
0
600
0
485
29
1
1
107
28
41
9
116
29326
5
8
551
4112
0
4
1136
5
95
2839
97
23
555
39470
27351
0
5
0
12036
36084
3047
1
357
3618
9
4
1
94
2135
0
11
4803
24851
18
24
22
1
8470
6
9
470
3
2
100
115
118
1795
2121
337
4
4
83
7
0
708
1786
1
21
0
1278
3901
48
4928
4
4217
12
2269
0
63
1
0
11194
0
38880
4
40140
3
2651
12
6627
92
20
4
12
5
30037
1
1
4
0
22359
0
353
9
20
7110
592
328
696
5
100
341
2959
4996
5
0
38223
696
2
2
33485
6
1068
31
680
9912
3
17079
0
24
10
1585
6531
1
294
1280
2
61
13339
1
1
325
118
11305
637
0
2
385
15
17
0
113
16
39
3686
1
18
15
0
7
2
1
7
0
375
24875
3
4
3637
1
31976
26768
0
14
27497
3675
6
5
598
866
38209
65
262
2172
5
60
12
30350
18665
71
4
201
4896
13
3
53
148
47
118
146
57
7343
28579
1
5
3
2
268
399
1
27897
2470
4
16
3152
17
518
463
4
1
17
8356
0
24769
0
681
198
1637
441
47
2713
413
1219
382
118
2322
4885
2
3
4565
95
5
3685
37
21
1
6
481
1619
83
554
2
11
1939
3164
17474
26158
21
1225
23393
115
0
21
284
1
11
23
58
58
137
83
0
0
0
34
1986
0
8
0
4
1
616
8
0
186
28
569
31166
4
0
5
4
48
103
11
2
234
105
98
23
516
678
5
2
18
5
1
325
7857
1
1
4
554
259
2637
24577
1
1
10
284
1169
48
0
67
470
3
4841
3
2
21
17
1
0
689
3
20
11587
271
542
367
2
4546
27136
0
13
0
3
23578
385
1
1
39735
23806
4555
23083
12
38
641
204
3
0
1
15
21256
0
3
25729
157
0
319
11153
69
1
856
468
12
3
59
14
