2547879
39447372
412499065
661
1301875
555
69
3497229
34604
24817137476
1008175078103
2726072474
4443444
37672920
22496
184070776
1971885695
72483830246
1067186505
15637972
230
21809482
5380969934
267
440001
50
3084
84466537452
5572940421
1890950
2250457
183
4121923810
72
4808
399869476
25881008
245751
12156611903
1639120685
505
38728
2969
1862681117
4878
971192487
1187301300405
267764516
827445225465
61157607123
497
42325933754
3358295183
46081958947
8608
224049
2576616
299
375585309887
1729
18252636
316054
62255586293
12666051
397
1134369630
94335935320
558
6664
35877
20934
48180
769891190635
1602
3274448267
695
561628326381
49907
675
705915762
706
33522
428
4461
31058360646
254
274
1068473592038
959
1283289088606
1568367712
11215
18175059
1608746
990668
3408
29498
301071
3735
8154440
386030540
42046966711
127835
43915352821
3354755
33368158730
3011525
19667
87470648
4134
4
2029
62141101443
19131
275
343021
405714513837
685601316063
585
677288629819
6957
138465425655
575
631
861424
4485
411606666374
92599
1745061271
4038
2748450
190
190
471205879860
18741
2829720
366094199
734
412587039
3271846
410472070
20655
53201614784
4352
572
22079353
15848
55394215879
37759242
2392
24566
3059
5770779442
296110
3067
24557
39705546
141789294110
45933516880
10879198
1979996
2224939366
80
81684703728
438
35494
12300641
66840
356158059
1073772372973
190249
446
1310
583560232927
200637318
3264
581233717
1459
683611489008
211648907210
160086
574
3565669312
11012819266
2067
22228233491
26441929
5735970201
3188201
275343566126
31682
63448762050
163036
4351914368
681
454584639
6417
187300
665524274210
2936151
24629
206796
28922
309002
155611
97223
80972966158
605
3568
233258
6475851538
1562693
13311177
8021852
70357676
12993
4023443651
4493305983
25775367663
3208
1579757449
28531469044
26572
188
14795212
70034
38327072260
20617862
84515251775
4455452568
2586304944
5883279162
362
458
6057931343
2591
496235
248048758
192070
28397
17
2171532460
165
884468984
9807825
376513209
64390591255
1684
32463492
50132698469
2982648
361546
9094574
377
792463
262779172
410436622
21911
614
3886
26563
466
37719868
986568450479
66944992666
143177
38929071
941972456596
265418
353982
71964246
1354884893
3126012068
15385468144
515903
147363
136009336
4486689962
6853
37114
146183
16510909049
72756390777
3611993
847586262443
492
695011115
2311254
1630
584054409986
3565363
13723442346
1023
5609937750
3477
2269522804
7202
30082039620
123585
467
38944
2349717
38779965
154364
78
10504014
16422631390
26156667601
683773459
30889146
708543746227
122
235533359849
24445
747422815027
34881508
62
103457287
33517
1089562162
42225
2459
2139377835
10057823
1114473225336
1811830665
278
22466
911386447558
28581
65324218058
3037
308454
64686921045
465257417442
4829745982
640825415
35890871692
36964
2022575653
265
308035
2191
319814
3545
283778454
648153795825
3164
12999763
9605159
624000935
4672
2981878
314784
497150
4114
161828
1978
1340629
482
932490
15889
37564774
27422752
2087808997
21647
32298272
161004318878
16476399
282096075
13166
33713388933
970579750
27381563142
4907594791
2976
24777
4628840284
230066
2085755153
585
856093112288
10626620
232
63707772
32294247
3364
61443206
5054
861
30986612
811432871690
2468
18808174
910506
35170916379
37969
2189005854
278622
70
1622812705
4461361825
1748378383
5658849126
277529904
16802444
350022
27789774
34270
5343814
11420182949
36314693
97276812
89192
191732
230653
628
2375484
1582300
3102961319
24254460
213791318
33
1436
19310858
1598745
15015245795
468731468
13413459
409
3479921
454
150716380
44120467846
24083
39144
4197
1029261384503
38860278834
545
1102033432653
5274226161
22667
32225993802
602367
14853
366
382
908967026164
35074
204
81630697631
14112
33194479
14824741
36044711
2098
1859
436316212
15
2323
7817363
257974065
38762346
69276353063
1146805651604
240670
287607
3236992
2232851250
238758495
428626
3557617517
914664
140483
4417
2765880737
6340323994
459
265
74842847788
209229
149589757
499
5570661365
73041395616
60576442247
201249
931816133
3726290437
190291072
29119549542
18814
3469508514
19
507
6267900838
55636839076
404
17519114
2443628
1348
232735
1146862617456
2827154
347196
141893
63
1226464826110
1720
453
2064240
352150511580
930
318
26044264838
1104
59366673250
1708
645745234744
6158761261
28855067
22935418
35989
331289
353720
927738905
584030269377
441716667
689
1562146321
617
67010767165
1216276
474736479586
1498369
29518169
156200292
8602
396
395852709
17316
792421
3686
3591
117
1713
4659468277
50786528185
3205779849
3445
32351715
184
1683
40056
155673519376
274391
1103081742
73684693802
831569718
618228960136
325304512
161625532
963
10206
1155553321
7184068
1340930361
293654
1626912
73685488918
197822067
3691
11033439
7344
2650347
37650891
1815435
670
245637829
4459343362
3073618
176
7673193
2901
232
1258622
2550062
20339636590
227172973
31051
3642
334773627
3290742318
281
3256203
945145055233
6141595131
4199573426
524270288733
1471207
347
247
824321453639
235676
5203508396
4200
32905806
7731
3961
114
444082448
32360
309425083
29906205
1568
1972154741
2681270655
222
20024
514
367341540
176
3819
5560402255
149201
22605
1066334
3267
173581941
20035
356482675
86334894270
251
250585
14377822
2782120675
18650059
345785610
832952935804
2935699
473569749
3349265
350679
5405246854
34033340
35165666258
170710818
4247
38762798
295493
351
3947
3698
34725
279
189898
154421
77261
61772698762
62684259
679
75802940738
3102
137685389
365093926
21761
34170
602537235
3521156
264470
417653989
36136
76352688
11990400252
6163557934
5487036241
466513304
13253504
34515
170104
303
2937
22602668
2491
426
12453227282
114758
88
41167
100
708
2335109098
1110
33604
373804798
3457113
1700333377
4650
39876
146
1091798
2496
146073395
48339
439
26900552249
189836546052
2091102
1094379417888
214891012917
452
202210
1866
27028128
6664211016
3064
1091
399148889
31653
194916985
202067
257754
71095598273
292911
491970172
54268787201
39585428
453732658
29793
34403
818950197
35850102333
25849
15060
457334972
867264123708
142878137
75237311733
109369
220682
31016622
31791729
23357376
2348705
156
11032981
6051539
523
981958753758
426715870
771874381781
4388728138
1167285825
3868
27655325264
406886625
378087916
1869991
445060017
1968631
1600090
3127772
131872
4199
4352
361
11165919
114711
13544
1673
5067741899
112
66473386162
635853
158509924
1590329
577072484022
377172936056
226312095
147492716
23472753
5165374223
22858782616
2732581
5917583913
2274169
352620059
1588495280
17691
5334506141
202903
184177723
13055
534081
48439
1480802
1005905842232
97
126
336946
563
1068451907660
566
49037810
336
516
602
2520
342160513
976578
2523
10193356
283939090748
343926066
319601541
506088
3942788681
33567
693001672
1508
34606
1038987377468
230174
14331711988
1988
661
618
579726157340
849765933209
90471827
187
1355
2290195
246590006
5667886106
3535495348
26125
39570226
16975
1047888485436
31245
23196834
492
131790
264
7357950751
83568064692
461
22972
39787319
416730
4875
104
22762318
5323701040
463888667486
4627187304
1953632105
13589
45082266
80447
792089268766
167503
15531279
16144
680
54118
30509635
279569818
282019178
3854909210
318633
1593958
1219
18201
4552
33662800
16496
31814360
1010489
39480
2743
165
47776901169
3046738689
177875014954
3311
49213379
909296057644
38722185757
2586025
31002392080
91
2892
35032996
687
113928
24268390550
389842
79479052114
5383608615
1783556888
6115626
371236525055
2731483462
652427063
127127
55366
1054
2752112213
2083
379492858
321857557
11562545
275505
3838
33344983
544
2700757
991123511291
38221621
621
643
902796519961
258
38840074636
339
2496460
147394
26452113880
353527
260865
30411928
222418698
8836
407498137
752556362
85614546359
1147872237
578983
1132
106142
1700084
34861
70373132121
958418498458
18132233617
6156983837
81323411758
5146658063
1710
169
99182024860
43277
30892
3246
329581
1470112514
754
388635251
1355
26885
8714
2101
405
273
39498387
4271
64026072459
4459
1089963201623
72898611619
2623943368
75153322
12825143478
3106
18128558
35863
24160506
106299
1943722
271996
301
971429469645
405460473
370197708
255584257
4451
1197378174340
2807696
4272
27570
637063841808
53424513114
760
26162
4688821588
1273
79622341017
301443
16196
45791687285
4867
175
33
35749
577786
59443561744
11236950
2189
12394571
32520927
19676067
132
2580603276
1247560424
11595
5014
17070126789
2011766
985510
1206583029
421029
4877
228965
249
9836
3084342122
5650325860
16661
595393736819
345
2870
525088
326426090
22211147
244908
1292
189015
372
2659409
2457653949
4801
55485444924
32740822
139036045
938940
839256
38478950
322821
265083
26405
83775042307
1773733348
730858874633
16023796
1458481878
1191
222325351
421454405
5981
38104011
28501648
2298256
31480965
1613830672
2676282929
135354327
1171051472233
336200
4209
79639370796
51684565382
69973379741
1522582512
2200872369
8260
249
600
7042555
22465718
466
180095863
257422
4033
35824
30786255065
1439482422
229899
3369
158063804754
100
138498390
8501746
39003
91864484
32904
741454817575
25552078
1428
2185427
83693
704
22247029
41172344413
4405737993
190938
297516462
42201877057
3607473605
272171
1300313820855
86299766867
39853
10206
1326309387
183096
1566850
265011
231777449
6101999242
623559320212
2208
15138
474242461835
3196405
1453349
71352076003
77517840236
1781188012
139684
8185100
6033353
850269076286
234840
22553801
22804870586
2751034
357616
160
23865726
5939055640
4511
641
3030122
3130
102301366
767
3671
24655
16324
267329348546
145791978
2353540350
164
1032335405571
20087200
5129063284
1017203
4026
565324320003
277477
2389875
308876593
665761586303
197
50993951540
461275054
513
15989481
3218925
292943
4632
239354
5496889
12909742
4989673537
33495682306
651634504322
8726
257453
17266
15643329
54039907839
61203
2354
1963
27151
42833
267279
1236937521
1278636514309
798146
37173
17746028811
3821
1824531
2343
1005213960699
58176
4193
25002413265
2242
29655022850
181178152526
342751499
5001446843
36526
66770098849
466765775
32745924
1687104
3514215050
157724
8414370
3706
786
4334072154
581820
3428778
5
33393796
418142049612
5990804103
45054
231
1
12808551
26853739
3846848887
3383
4532361790
33049182
13506337
389286385
7951605
119366
190365
217770
164364834
38174
70632069
444731436
20159210
546964170189
152107
1419583
3119442811
3122
32139324
3452361
3888430039
218781016
357460775
442
1453113244
708
170504559
113517733
50198112663
3623994
22907756
14190
2559
4905
2734122
70498525377
280933
23748
43327045202
29623256
184349
41090215293
22508670947
135933
2401540
2163
1074050634698
9752100
3518
1040694
1537726
82701135
575
72082253307
59142145227
453335
30274463228
582342357321
22412202
1763798
346970
16659
66454407
349131701
681
325393754482
61446190275
1835068
219
364948937
25034133170
94654938866
971681744654
76893119531
4035
27554
57362417945
166722903
708667398991
27479551
83120
3202
829
2724908313
597
10767652706
595829923817
310
356826328
91348
102519569
2444
31090732
24117682
123639
4810
2070
331538
3994
5453080
325414289
151
292095
3081388
10706
1007091
593
28568
766423927204
12435
399215279177
4035
110
218475
16740
588
416
24464
4201
464863500
37817674
1770414
2746
32785
1
120175
846
36718326731
21879
2116503
86224309343
1895
3514387292
23465393
23474
56
35607734
2688403169
881012
1431640
95996151
4144623190
115238
2266250
221738671862
32677975
48979686062
24709090701
1484315607
468
27363892
306126
4213
19050902
19101694
2878
491179562
25075708
630
262013408
297194486
82412043142
25881436
96997
1156156996
2995965
2927
41486124
223927
357076927
1273289590149
357
3270
25808707
44095076323
1031010
16938
381309605
28918
119711
39266
74610783864
572
60206
2112
3210694720
944794
8865
40721256920
631774
2785
578
387
22099
16152
5580
27613108
49273
351
25235
2167
39775954
1659218
2594451
82798766765
76292678
556
369491182677
136
331693
1937969405
358485
5500
252738
3235651770
28180615172
63646214497
16047
2292528
1028793248795
863391
527
278
41
2622120
1438162
54578543216
3219663281
266
9983517587
9952
1007925
3567937
648678774082
3408869416
13521665483
1070825692008
5034299100
974331266013
11872
529421979160
42758269053
1231865
666
3087972
31969
3154023
5373138327
382
2544452
32351609
2231957
3656
164
4267
10007735
39641733672
3237
351881960882
326061396063
3490207
578388864005
352808
37449360
668
261671
32893375
1172
172520760
246611713
34802
13187138
528
2449
796910824161
163
31580
32249845
1964204788
180338115
483466785
33064
52942475832
500907
28776
24589867
223
442564920
20027864
19675396
9461422
64880
353853036
393
12746
31015
1442863
242445
33007646879
322
48559546608
1655
53656464260
99
486252406273
2491
197183
441
1125242440931
2172817276
1919690746
46
192851045
296441
6005375304
2644684366
158048787
463024654864
30850
2844759954
5232774170
70543525356
53890686319
138
136708
3485809210
4997918873
2829
214361002224
167724627212
167145906
33264518054
716367508993
283499143
4568
17279078
1562575
227036354543
633422383433
1282418744503
21637
328111470
34741
37313
3818303392
642
162365
194494852
1255762145056
3487
79327739371
368464829
3404390328
51123618174
4744609019
922606263254
26536534301
1541215
7877634
15058
3414358859
87139
22
183840
165229
147983
260922
180515
4045
27578
36951
23995
2908
2012288540
22749966
114
67718314753
1552722915
1301
1008374522897
3732
17601
70871847
646
578
231022538
1953660
462162843
7899922
1258291
3952920318
13046250829
18441
1696558513
50618593
141660076
2028039
2949372
27775
8899267
34499
2813
10946
325
1209413985
1497491865
446914739
3471555
81570786
100817353
2197
20171300608
187
4384
6210864
595
152
3527240
290849479
37586562306
26809728
2108839
27226206
14687750350
2051918990
4638
2724286
18924050
36072
19852
1812291
901265
36261470
33823155
380
954254
176
2573537
4715118479
36628
238
274858
17645
5917590060
4734
361
37622
165189
1269
9612932
487560102137
9948660
469739600114
22602
131231577238
8961
628793621209
4544692
2321487
4422
3535680
139374
37699
333641
12970396820
3521675
38456
108179
11650662089
10613048
11151623
17958007
423361308532
4431
46
366724544
140359326
75266
332546
283
99
5013816635
408
682759585574
245007
16998820
57623182535
25015
1042038742295
668317075373
21976239
318961
85045310599
705946604190
2572763
154202
4044
2865
176
407594931
33623931971
692
96715088
345002
1079054686
13650016014
1914
22662
28312282626
96
5555213480
47296713168
1026140399912
17681
67366574444
3506
26117253
215669417
1121922582149
1061789834045
210935925
325
1294
1290706
13792
58903338016
77147816225
60756219
37173
1079
68356365
486
312503458695
34415
2993
75004986338
39595
21025352
211
26865
333403263
1212572064190
9578
551413
89867870
321809
336854
7088
199
422672975
4031104
705
1686
313747
1439
68560217
1929
77944805650
6218
204
360379109
2935397
515
452148592
4972026147
1791249
28825
17373523
312
5771995157
6021030567
689
144597176
766986267090
37014207
1146431
638
232139
18476294158
32110
364079597
5805603
1716
7562417
8935
50618160660
8854027482
262361980324
250866777780
72854
241415120
1118310541
4022
5309712144
539
28473365
1213377914763
107141
3298232020
1174308517346
58617197450
23143070
433598189
623195169190
1707
168166
340
643
20994
6524717260
1065
1059845
3154
835961
63711
2409276
148
233
7855297
631
3162
417802222337
4393106827
20757611
39273
37297
4372137
155556337
36107517
475743898
3439910
339
34675270
9869
207
306996418
862062613445
38664784
27
28902782
1258463776092
75868644350
177406
2433329005
33668
58915
305864
5552289855
19913
10540
55126644
27934473
116001
23399505
4098
4244
17014057
1740301
5110629058
135
322
162340
326179600
173
1478211
30972448
27877868
1658932
191820
39221188023
152862432147
5015122042
76749799
28255
290537
2477
205513614817
381399956
72319094635
564350
549072
475
3676
2251325550
389910896
7768
74676261326
140811157
1207
1284
169346698
36
2303
2598924618
101203487
4788
53383
9538
30018
3169504439
2747
655770467516
2174
319496
3568312955
39919714539
63633028188
4535
208965399
203535
536
78548847929
467078210
72001
17843
59916609135
125145
655
321324
52469
30117
178933587
31503
10905143847
14381373
807940910956
150384175
2191498
3312
30983416261
338280
34352838
2594344
6220685030
36193
100968
3076369
141910360
12464
88768910852
4293287893
90
75883065332
38297
418
130183665
71705
4439228052
270311
124
141812
959406183026
29362
215216
429040
115940
371
251043
3495821048
471
2761931
1208754744
163281
136587271
15289030
106244
150024587
23979
44
741
810075
384417
129843
38298
7273
1650
1530551
2894430833
292813462
157
38770376
5874
379
710
443648188347
855072516740
1032197626236
192469235207
4699427515
16031
98069846611
8631163715
2673762
8432361
3014729
630
336610584
25780851
22481
24347887019
727901206337
231776552
461
49008103339
13221407269
5228562634
2145
354220410
5048087729
1130379603295
654711337264
681850717
334582
25315
3022021049
39215
4454195738
32954477653
1706717
174371
21852973
37939431
17412
602
147259081
219590
28071947256
2708
25597503112
147358
231
745034
34041253
32130352998
681
179278183529
655
222129806
34715
37249844
468598412
1202711
8206
341541
1917087301
158683081929
3323186
591330403655
4504
247914
886
46
1055204
3560
49094508939
4382550563
5472
31678998
340624606
116275639723
36947
13017310
537034412
50284760
28329
286830522426
2820876323
2870
1485725
2538797475
171337794
123554737
1208755
4674
1626473
2693191
1553741440
1459508
240179808
22290
2868161
2813
3906984818
2762102
38046059
4519428904
12459641
398449
26136035820
96
260053397
424977132
63532
304
18864540
3096477
4600
286314998
598
5393788536
30845630
23980752
34616519
2094166
179391
6638916739
8057918
177
66865398159
2083265563
3462
14400
461
34
39375861364
559
29979336
857503841084
15522199
160
161258804
2392721269
399
170630585
305637
4021284040
337731
227827396
419
72031363992
21803837
202
301188
2910
1592
17419589
1817
333620
302439
13333
672
2519899
165891
668503631
34156
1615775495
38228
5054869728
3384602
2537
24636
168969934
1123151
3599
3006100
296873736
708097
3319675523
72967175237
24636377
4591698
10763
606
47464288926
20323470
86574042
16377
1163952384103
10863706
436961839388
63077
322700
29591546
34921
87
1788
977925
498190949106
2536
355000
56754
419793
31791
331129767
1183865010722
37952
138787
191512606
17564390
20089391
311504151
20908690713
349376
68058847991
17866588881
25149
737582162
1035272
20398752
2416475
437866577
28782
164
33749886854
976246297686
5822445226
34634
106110
471740542115
22111
4034297931
395
215236
62874924468
603
328
451
2102
27468
4630
2967
694
5598
13739
1094729439
309
639
9140
5555521401
373429970832
46736
3602473
831
1195133
45684005
34
9727
34989
2936
142206448
283565774
275233
3380
5856945979
561
4731
666621399839
813170318217
84274153
7968
2649921
8783821
3901335433
2677
23420
322767782782
394592123476
982647414066
3163903
16362825
1704687
285
5080424424
85349
186152453
2610928
26657
1188
228917
62417
4018393572
372480960
2907008
6194281
715
330
34603
2189279
636
691333648
711901531
158859
2135936772
445
1458017223
3531541056
3521
194069608
244189782
5451683664
694690
4790119994
1751548
11106
231
1617996733
36333
51259338761
23653
2540
561768
206111
1847176
1315806
68305072060
4851
39393
2000
1988274
6877
287142180
859658272588
37245932
67395064397
235249823
3054244
122466320103
1903
6776018531
249174180320
3618611364
24723
2323934
371418
58409197799
351575
4736
584895
31317550488
737013487824
2387
1174772177710
32306254
758291781288
253068
3406750
66943901558
1076232996954
49
21663820
1890
1766193
1146424150270
201060950
1902
42880
231210091
22025
305161019501
253957
61
795703850189
31088808
298827
56147503516
96923
956770833616
162141
3443499335
16876
164
194160
1150583834167
79624051851
3962402505
264263998
443
861439149
2313669372
146439303
636683
5450110116
4262
3276674
858
34526690058
15822404
7510
1372
14941580
18283
29648101
9112
421
20394
400661394880
22294826
384
36263157
704766534582
497993486713
964961182238
2589964384
4244143661
350982075
60143516637
21058
731396
89987
42554250072
39539098
604727
1547078
13242592
2142765490
4224300140
465202631
4715337729
39257
43310647530
323443652
452179345136
43589
61
161469218
306342977650
257113
88965248
157
1931871670
379
3522679
3931704424
1038205228487
2080433280
1051734
958543206
316586176
491
15206765108
2640447
36157993026
306542378
130452
3025578533
3700956034
3553149
203
5036593364
1865230
12491535
226986697
115
911784
55809049402
71771215777
1497
22139565
197184667
25584020
65
20913565
75373705462
556536219
3359706
5687483735
338758
2308656
703
38623
377341523
4947
137
9708508993
261021964
2848833
4950593152
721190326442
25
30378
2312613
415920430
193404
3704
3074299531
1368063738
650380
32085941
169897
355
251
912628528578
618
30621
263737041
55306161414
82032804973
16325583
1575884574
80025859869
35123871
6372442963
2595070
15443
737212302905
172131
32517253
1394697
2187
2452942
46136282940
6114490403
88078
30999443
5806464082
1881579355
39711
457826410
694842984930
20298804
21580
370160882
296638727894
3688
370446616095
46428483421
48367
49472
346
18027
469939168
5251236
427
785889759345
1301255
2742935165
474
24601330
52730903391
253219
462
32684
35038270
27408225916
61532199799
54
32360586
1520006
33792
1316826
1283323
6029028261
118431921663
455644324
3558526
161684
2221269505
26439
251205386
2669522256
123504125439
192420355
927441803795
399827
11354
22488284
428751666811
134179896
8495
376409136898
2927044
558
1200769904575
29008
15486861
4743
2378552
35912355
1158
2868035
351754283223
661
4117623469
60753
131
599
293558107
6912
68696121493
313079
1157614000
31852739
18893891
81713
29562816222
152031421
191695
414296058
2117414
2398742
3431
263242474533
17345202
12221179964
282755
354
219
29858812
622
243
76
30795389520
27751
23692885720
60886302404
2595183
531
2695032
152100
205772250
3103382
8549634884
1830
4574506
19603624565
107477
3351686289
3695
3197
666
386125433
370431992
17264
6476328
277376
256338
1194755154982
223216
544
1144350146891
265077
888
246
1587
39645772
2890
389288453
8978
71433037116
38472
1120
22046263
6051
2683748
3682
12358
18211191
1044591
19126730068
28340562384
24156160
22966467
219520099
37822
506215
20778985
525971608257
3213305
35804798
11
995338130359
37750493
1996
3118
158743712
377939828
1147709253505
4159
225147
2503022750
4737352035
304447568
38692522
15292538479
36079298
27690
4739370516
208657
532
617
39297
38655
44706
271630873
36332670
2658
41985276507
341
29384
59886594347
3971361864
120755
13820801702
664
58729051
599395823633
176
300
279472928
235788
37259374
1173440255925
7758
30268655
166
17403920
75314181
4312464853
212905740922
3504663442
8372527
228943
81464535
37733
2948787
1823450952
711
3412629
3821551172
450657191
159433074905
459880869157
4276
265778
50
18698
3350335
829
10452659
1201661767209
184
3560
176249310
1278856440733
38
3115109
257566992
694
306520
2627
1041104898769
28401490
31468
428
116569
2373434
263965
35664504
1062672664335
112280
136
6158384579
114321
2359827363
1699
73741
2006941
1753501
2862268
300010928695
205466
3856
4083561242
26875932
59668901596
63
18092
222
1711
256
294522
25629
24382
193776917
35982
39214701372
39916755196
34278
23637
4106
32716
409
23190
263
334
220887953272
708
442675338
706892935295
21884
4230
642
67893482406
198312
431
1201948
3113
55398839731
581813174384
2409983
557
34509403300
536
93218
26750
150990
2668064
35681766736
34789
84914801579
679
31808216
4581
479
1433397
277585
39149876
1590096
1178266726734
24511318
2327588
518
15322930
39500799169
3193
480114499
1676
19481513
1265011190158
139
463
20519993603
4617
1012
87
44951317753
18722156
277875176167
724091484801
3621807270
405945432
332624687528
908
2926
15409190
1815
53654987321
8134791488
3449723707
3989
638823
43610365388
1533634
3010487
253423797
431017374
54705
191827
40245014025
16727455994
8220400
2749
1019470432437
2967
1456635
26791796
130
287491996
626
270022084
1573367188
21638876
31692
4935
1197817666862
390
21390786
3381
797429194388
20504451
1368361
2150820173
1955
948686044923
383269737978
6
665670203655
1458070
3186304
305161
4101
410470521
285091
3728
137873920966
2804181362
325332
23591799313
2124887
3982810720
2130
1647919
182512
502316875731
92
2980
1518751
3612864
3605633
365522228
74528090934
902803172628
1997
5070508722
90
93110
585817286554
155519015
1556535809
30628787604
1289008
14356
3305594
9807
282238619619
445489377
118559
465152976667
307112
1915737
131
5768372205
65262558450
1512
6131145213
1135642180
2885
879
25042038
72692403788
78585594537
37109000519
288
1015941741418
1123037262670
1990
2699715698
37617285965
129044019
378140676
1336
238740202827
52006399378
2944276329
20313318
1179
251110433676
18381159
36807
1389781936
84832231
5667101633
1294269417221
328885644857
60481
19488292
57124
348
919385
493337202032
12760
32495
456670696
68374471667
3163982
465
39284
40291
3579
15042451
358
489
3622085
18703884741
1915364
35411
27769
480799
24208091
10972
69487604309
3986
4662499130
614
1152
57594775433
14005
74280369318
103356635
24556212
352418569319
305658129
85178858149
170587922
81205
2138998
5771187558
2620888635
360139902
5904468831
47
254075
956227021440
24854
83307412913
121
136862994
447249360989
1343
6177995079
16301398
2216288133
20965442
4140
182870493
625
119951
263796
238215
5465227445
1292
4971
627
30010811
6197
553930103103
3457140538
2256390
3551303241
318771
3275
3828981572
2411561999
231014004
358742
3435
23587
6250642173
159727686
2501400166
142926
2801143
2014687
5823284813
367594572
360292754
4510
52681849135
2331
25103451
694
248808
36297
1186083068134
1849168009
381615140
7768
135359
56701809065
8327896
14794808
3043
575424100705
13773332
34021
1587724
2858384
287814310
393563679
124859569
2528252
160690
275893
238455
1099209342281
960741
519367440498
6081620575
162
2211213
19999685149
25869
1455414
860802484805
555
4898987592
23241
447
4668
164673115
23838891370
431854
761753881330
4141247832
4528
21573
47380462118
324575029
458304717
362245928
3674
23728
47598162785
779020032339
3776769293
32251
6161222197
2532662
4124
5803599266
21408
989657405601
5674
482141630992
948050528281
136608
1047689835517
2558364201
83903773113
249
4927
236194
271
100351048
24616
2961656
20461613
2313526
2277360
1786515
3762
254404678193
3440950
449511842
851490
427119873
191727814
4259
346
531065931697
76729814034
952
166103415
468929378
3167
38523246
403904934988
43795434193
2832
651047
36538924
80042886
554
85145124843
54094547071
166080541
414
22950969549
143
49071309523
893714309514
31255207601
33789084444
184942
2301
5047744508
256776962258
499485670
5925067274
53289993
3676
5370
76086
89770459
1282883
78899494229
3324302
27489
906710118294
97542945
8811
68400172629
3061754
58004137592
10601556
321388913
218
145458041983
319944
52434986359
438806
6198378718
190551
9740
251561437
1676303
469917056
3517070351
642
16499149
3702
359320587
1363687
2639953
15664666
25032786
4722
408002284
30992
304350869
766
1110216
7383831
1998697
854451384
346037251329
5970905117
14475
570
43132547287
3255756
14756
2141851
2182
6489
404522224
2913
233003
11676719
627
244723678
61998340644
8317366
18273
2463177
1507007
25700
3638
29111464
1282017329611
2512080
105821771
31828
54437369723
45301795887
471427260
3169226
140400
169052827
37941
101806
20700954
34562604
3226381197
8506827
29203591544
506846558514
2401592414
5577
28425
296426665
583
15043608303
53011306
3172600
63209
233535102
709005626756
29230884041
227
4570
934252730054
32094475
245613
33072620
233663435
32388
18647
32521551
2014526
390214082814
764018113368
4710867818
4284522718
74307914343
3451755
26295480
14432075
2713266
157011882
1407189
14561706
431885599
654001
150
1749758
277794156
552
101493
2486985019
486040450915
7570
203793375280
75631
366
47362
2056
626
74093688122
2251835
3697
970730698
4806
354463971
1999506916
339909
79724326280
3620725
3074895709
5045
31
4807032930
303008024
39691274
39089
219419586
3519614
71006954787
4614164
158
1642526
70437
2108801
175625
31840462454
192
28739975076
29384
1169419260470
3428200187
97953863
66998301799
622
601
2892
10884
199
2667689390
2455553
17287272
1856
12641238373
13311436
216518317823
24798
2220838568
436381443
490
4437
297248346
519334106729
6823
37127971074
2312943360
3510541
265733
153
216
3495
320
22819912
4862687984
6014226
462
704073404813
474
1276425
83600
1149847591959
1889469
2017822209
5029636663
12229322
48042891296
3480318346
332079
4368
1228894007997
20564
237606
1367590712
39789
7736
212143870
24898
2950074
2161762
21818358
47188639847
3940
446768
31702933
411
64446947
316
17446934213
475110780
944648522
1297
15074
699830747008
1490498
319874770
287997
594
387899102
1253149717984
338268117
15978
7378556
40736
38298
304117668383
28564649102
2420
328969943
1470531
72414901999
31053
339
16199732
524269566556
1046364
34107536
4567
141307938796
1814106
22529854
4990
7542900
347382
280799
4453940
369
336818438
31579150899
399288713
655572600772
5218
3749619161
307728
361411
25153
414963
37954
1886634954
248785
20615043
2471040616
4278
325410584
6069860436
1252685828062
640
357394004
443
27804281661
565105
402
128521
1239452169
653181790789
1441463376
611
459069833
55189719276
2001033
1457052
517
84713318546
29665929
26530296528
27000201
344274
38275
5743
3691
179778526
171
87850188465
519
29121375
39904
816915189419
360
2644371
221197
91704553249
1336869269
2515417819
291056
131
27935
2994566
271
275
4608895925
408541
71281
58661
21176919
50514
2067980
2817680
29
103177978701
2708400
1206332
3189231
932291695794
444
25142465
269907
399
16389617
2930446
30224
79870
4943
205820596907
267021
500
2373671250
1306087980
10555
66761
225985
3958901
150
2323611856
134545
37860672946
15048
9693399
14753
354314509
26151
1722
139
1610730
915
1101368
11687322
554
54284184430
364250446
31135347
1175904712907
888165
452274002
273
1325468
79279452464
64
155319
331058
20949012387
420783751
74023137
552849991968
33313543
70102657339
36766196508
5447231058
16270368
2056
294294373
1578
63177626645
1044322
627
1991
287891
29384731
1418501
219860
3383401
127301260428
985625120571
34982
283
337882271238
603
490
433
183822890
144281322
62359432232
35341
33148
759
2004
1128
2318797
1467
16395712
33767824
672868
34851928263
356305
389368509972
198528025
1964
1011984579739
272430
2466971918
15018787
240
1108
155
3961
1708
28386
413
4322112649
68192861552
52368
1253461113741
1878502
33976021
231664
4577
281330123
722016010636
745
1380216475
1806828377
34929
572
431650188
2147
537016942
249
5913285
4865
2931750
134445123
84667894626
83166952550
249273210639
4538234945
3550632
7375211607
19074
125
1162
222450
466
4321
14799125
152493437
1646
233
2145908
26759
6012703627
715
10338763991
255506751951
1222657756749
128557515
1709915
3487059236
627787
31227
2688
2176104
5245882212
695
46825401607
656
80757279217
465
72118377892
42170236369
2582
4856
25135542
237908035012
1103915575425
636822635359
39084
373150508
2816519
129562
92914502502
972618845142
36304
24215208
27112
160
91540996649
1462910
402813764
97154
4896
2300425
2689386
76021243
1008217104980
2663781
8356
602471884099
466163705286
23309701
2073098
272350031
284544284958
9340
2664
281374062
2422
10704
124624
27247565537
10695
133819
20888464
1182106414506
159418
42889718224
75730840
2292
233252
16697
95397323
59409057
103506
25445954176
1986
3869235194
562100
5002623807
84
39373
259036879
29069
3692
226979
2900
3199648
5340811539
30918
754774289130
22423922263
1333655142
419762716385
7970
4820380677
27879
23148
2030373924
477
19730498
3771
71716150908
432799175
71408887844
335942
2946
546866965
261406
22314873559
72590582954
390323823
247360515
251
933
129388
25894269031
4
3013
17927268
1892
2678622256
73375
1062057
6887803736
473451349
4576131
265409
76280287720
366
20197
19
2300382104
25527
33991899
3502343
805735491936
1396207853
45167005559
34614719
227473
525
268710995
47013659224
33115
28641
2983
28412087
301150
86634093062
393035
25359
1198612633713
8247
246047591
804636968696
519
2727571098
68388655967
18624215
29290530618
5176701309
344132455
21172
60749298243
384228
698
239
14213096
237437
23129622
945298524680
9443
151058433
4817
201351
3319
734855212574
748523
130331008
3452047
229686180974
693
591085362028
20577138593
279
527053118
291
19271
4953270539
4443498357
1191133463808
17715458
281751927
4456
5310366
3261
620905628
18928
827268
349217
1929271
30936446
6830
359333299
13809406
4996861
163699669
353912449543
54703266270
353109491
11328223
1168739
2732829763
196652
167245
355070763
182
23274964
5836674491
170120817123
310052247
1688945
24143614
1412
168910
306
56721270576
3354943
4941
4935390605
115
16925
490
1193106
3105126
53502514
308688
2741613
33607804690
35659019
21699
719513657917
1834720044
71625
128789464
588635725
266254
3457951
1442
471
859679085
341
3710
1456474
339397
997342
2594472578
343928844776
1641634
28395419
10553
4434
2771425
8389224989
3080
2758
15033225087
34813
362677
25505602
39632512
117768009
3617
65334104882
642
243
301700848
2816042
2021910
16954266
358087225
212458
32267327
108155
286
116373
2117985143
5082887995
41
709
197281
738059152683
13077873
2786
2170062
2335063
74701741
710151363732
283758893
9273446
515
581
244683
451046693
1800631
907663915293
966613508373
979302
659467548254
4826022421
53674427444
82934880664
28123
525
2286449
1227305
2861
394
182972287815
1303348975492
1522
3235227
1817883508
289215
889898758502
1887804009
55962
74076063313
91405
6197138174
34922
522
17957
89
380275867
2796108
219008
34979873477
3568196
16191349
23937
181431
592
308894180372
17129
360
427
38833834
702560905802
568555589
109
33497
97183
1061999025761
5062003052
895572
1186726443632
1509827
1359812
9389
1518182096
6421
1211485510190
379095
821
98201890924
238
165
4385
48847849
171243806
36550
38116409
1109382017
3027
40267
878355759429
17790
39164435
428631673
168906354
5087550669
1176967557137
4017
2852657517
1386086
443042016
37544
3212464
16613
1180928677594
729973601999
198677
81
4090993
3077
2961596126
12313
3165
6346
822362859561
707854
463669196
37440
14433
376
413511479699
4771
1863
454
361407688
33049490021
1293612302469
338983040
127357817
4380
276437
69443849479
351
51251234289
344570993398
155835
321032
1145914999617
774
2917310
4823
37563981253
237
1621446259
9583086
40854526808
45411206860
259297062784
35639
95387
2239453947
907261132544
5241959469
26363752
35225
31034369
34569545
2054915
90753
36369812
1400
42713957203
36105173754
2007
819
24902
2221978
32610644
1124413773
584
997249214963
187228931
1485718975
6026264801
1345935608
32947237896
1368836
538294902715
3556
98187125
336656
2617025397
874847041407
147
502
2559
392
273
491721
38936332090
40177
84276272469
8738935177
148816249
367
3253
4051760353
64346070544
5396518
1577255
32212
3507950
688
954852009820
496
1462
740844
605511
21345
126962
232250732
3935
20473
31992
174048345
380182086
1139780265674
109824624
38942
47975727130
35697046
2651361
32784195
3235270
37784
30719
903059
22040
3569726
17478158
29332
271806345
13946873
24
23501
262843019896
4266
6115193078
2289245565
13469
208177
359640929
220124954
185664682814
365
16535
24524
1644549
300161
59
1000000276474
278129339
23099390
14826
107020046
14852492
3250
82486123009
59789408
39746241611
606780631550
137315195913
388062912
3198
1293631
1746
22117710603
942769645735
1426653
6801397
1967797
11935868
39465242
4019861529
74702693390
312023449012
3958
227
1571573629
12883290
209371658
7253180
652
99178
306498
1885
1839917
17137
4244
3051320
1163081
305
631
27492822213
4687575796
282313570
195226
14000844
213520851
76711888
1788987
319549995
321040
2913860367
4177467335
414
169198
28718256
4555
429
351679
420359139068
73081461
3070384
6772
3551
393302176
1454875514
3467
33271039
229441720
810938
18242
632
16306
1294070617551
4715
624203
2719
2845863
84334062527
1629271
70868812949
72217028
2928882296
615
824
430905168
28103486
469147689
456421434475
98168208
2036904685
536
256
329137
10276833
459227320
338698936
1113705
67342
4895
13147
3488462
597
3219437081
1474
3089
100731102262
775
2039428
9998499671
2151978
4955295060
62682668852
1462
173163
19107802
153197822207
69817
4942
10279986
2856
25559198593
325903747
208933
110798
126
711
12816778
44420014686
17460
10689661967
347462
4669
1044617260342
430
49537551245
4566
39443341
221399
147928
15778
1104983507
1544286687
21848207
57384
4269
308
2481
328197772033
38530
4613112
166
4613
164797
539555942779
439
5565450960
24007331
19
39687708
21540
6307815
213611
12375
4475813956
13581
195729
38376157552
292602
3697
5294771171
5020
3467125
579
6207442
89487112
1221
496
11304920
232208
235960244
100201063
2489852
302489
22113140
2889967
14247408
3416138
2610809660
508
17385748
53334871903
108687
70190900029
28580
25292053
529
259
59257
13781897
204495999
17404
17714
2072919587
2127
387876105
1120
170
1135
15382097
4596909151
622
1457076
59206310052
38387496
2355778264
657
2339
475
236839
1121533658588
2
30389682
417
4114968325
166
7395131
18655514688
1244168894965
297
1006097
862
1541
313325
473804120
3490
126733
92809
462501898
852
2794392
33956571
924621
4870953952
28450077
1545
1574522
741033881660
5655587948
9738147
75781276017
193341605564
3819044124
30517155
1687894
486876
1812
15446
27667028
280947
868340263707
3129493791
194073
127748
2841261
4935141286
4557
33208909
837518
3345
90299
334642247
275
835656
461483692
311099002868
3798588376
16572549
219
34102427
1167
27971
584895848883
5118458662
162969
343097231
233385832
67240650457
4287
352709357193
58681822182
3297
1828893
71029260
361
453
2838849
48397
3548878279
29617952755
242
1726507
13314870
20423007077
21853927
2448547
349324
31504367154
601548030308
184704
26396591
166940475742
5370
355802707
4822
173898298623
3370918
163008
171527251
13384852156
48486787789
314271690
9797427
326356
3512499
310220498
901167220
684
2905796965
2012
1988054
1312181
32932519
140
644
32678
984746610266
10717156
148570
613
15832866372
181
20854380613
1978632
1440910473
15290839813
31778
3002598
208671686
4351663584
303947484
1189253
4208876904
109664
2446794
27006245926
338649
496
54991
138798337900
1087353739
362
33490
225429573510
268477
441560773432
65964756925
2214413
9950
2667
168229532034
142604775731
11845294
228617
1042577435262
400
2443657
331171
486
56684843586
1738951
252471
2046592
13125562
3376065136
825175433615
670
1024182154009
270427475
3641
335135002
325868
13878939545
1586347745
141
553
4922778528
36508224
3148561
5950628235
12443581497
4909852255
1139541
89738
501376
107
30202
21782780
799900070
63635082357
32235775857
1636119549
3151103
493647789143
204394857
112453727364
4852
829966551896
33564
3125430781
235
5661368306
24446
28102443929
2605767728
5181738
3419
4440
79911575415
2252595
1122662954525
2623466075
2935626
18811844
33427821
3871
979595640606
665128138975
3040528
489
10098
1421632
709251
1163864706951
9306102
4240
646
25949
291063
74066
334334830504
452230883
48349422497
5025945242
257067715
339804561
476
211756219
158486
25310
335
4425
442906185
3143
368
635597184131
8138779
469
67632133498
912
930242623
1008837112987
18462296
1035386578694
96912
81692
48778001385
17404
3248
29779146362
2701067086
2543251939
181285
5298731584
1876633
3205963
72594602298
20
32930967
1978
362686
39132
426891869
255395
4324183
90967581
22813166199
22251002285
361157
21593175
766559377360
210310
75085341507
797
260
2419
1111095
13040
158
10946918
181638
236126112550
144796
235
476148088590
423711134621
638
198
31881927
231851
678
573
3131
436033005
18290330105
54179471434
19874
2294435798
245172889
436
2416
4171
1116
1061830941605
14575
4551
143705
7264
639
656
268657
33318464
13041136
278
9499811417
170744225
354
4347404613
18707
288719011559
1995964
6967927
5066488
10526904
77875579
4946163213
42046402
771052562229
3249577
4021
44358
24252620
356
37023584285
90332641
71859720
321
1305138704787
12490237158
296853553
1610517403
1123013038353
30758790
15716376
20820
646
28790492960
856453492343
582
900990836231
42877752115
23744
1399
1135
31713
35352516
1904447
22662
274
7273787
444
974866488
10546291
3293
309537
3490
2298
2959273
357782
3588676
651493877959
25073
84750377910
612
26280
291487263577
135191
690295978
38462216
1263
4997462799
1986259
835028561
5360991065
3304
39789
365583028311
6030504063
11994939
555
120953
249331
125
811205971778
2763468
192716143811
690736
9863183
64738685745
51632022
290
390
396
391
453505885
1188032
2502311
23934581
313757696
17201
2455910
1062421749
3193
343705232498
354
3976
2547085687
832658795
4297
128051844
313744887
188481358
29395643
1277500791468
1157531
2185100
227228
650363
1329265
19700
90
12716
572
13269
849
332125280013
4956
417579830
3679040947
978870985796
56552
3509587097
29415
727547110337
43069767454
36519926
1639966
564
271706
3017
30974684
257819
46616
73357755
24296432278
84314458958
81
17907977099
8861401652
472446727
7784446
14580
45529591725
68202
4214
2672798232
5857082655
493763123050
4200076453
41896646645
4900
2545587
855510562603
326004
1091692619351
10643699
160219393
2881234
257246261690
173813
28875
82227071557
92493
381118486
30
108
456
625050031325
31844758
2703008
199763
380804225
16695180
220968
64997
465625375756
362378
36654215
3724
4315842038
1721
4125
7340
2537873
36930300235
61751894839
259233
20576
2826642299
56281681278
39561
643
2092540
2900394
17459
2900674
72836361074
21968735
480
94089
3585
301977
21905
323
54488244309
52893547200
10455985
272811331
181241366912
13459
349337
387
2393232
4403190903
717
19937882
50301303006
1087
916474352402
994122893294
28985474901
1532601
24038156626
31531
28537
1075
272722702
31906572
28955416351
3287435
344360
773943957
190811
606443319
3934
15029
817314
20704359
13590203588
937649658176
692
5035730
50483214685
32631
349672
451
198472
4169
30379789847
1168264391285
21663635594
260867
54203
70
70242571757
36771724
584363
31455362841
432702131
2049520
3093099463
31125293
356945105
31035364
20460
29681
162
866413464283
5117201935
682027491413
21942353
27768
269773588
452770036
321171
34244
50
609818
4703
64461
255125
596
255
38318
667
396
4545
611
146253923
3156
1703275
2991
229449
535
9892
241626
98367
1056504255445
1889577186
2578470
71726650
29469536
71158256708
4173005056
307020875501
31850521068
187304367
9475994
3421
2755
125
27307343
358144
34645
324265828
2643
4700
168549
283097
383959284
279
446074310185
14569233
52380990944
2495994
7986
66817615072
182884
44561698654
0
57517576866
48075227
1265329
38521785802
282453
432770568
101
222
505
3353
256240528
15601129301
14
700064322
463896
517011
5465250335
985959954904
4326
5680239352
4745
30479441391
3818
17655
109
28823
40911216179
9983
620
955555
17977
2318739
224
244
1278
1774292
29176622058
2937393
37102
453
3472244
4591864198
299
1142738503
155033613837
15875401467
5547
233549595
22987454
1025
57747186034
159
5848248664
177
4176131660
755483150658
15319948
2319295285
719476814839
82238959
31673574
36992905110
3057
3093578
34286903
92
16496
679857555933
12952440
3154853
16725849
310532
9589019842
502575621957
34561
578
366279051228
684
3397681302
135258
795077673014
104068
3006038012
83394888609
226845
33058321
3371030290
241651833
104661
36027245
3073097
18037
31507050
36712
2337100
15
127521962182
11055
363
954249358
34730
920599
275144298
30201164
287968663
4684071
33430460
53966655481
713
205551
4550
29128448
1257
3705824077
1386528
308511007
803110
1787981551
866308503458
3007
2522194924
137831
1090815
72465
200008
4324516055
440
20151554091
172896
75609770
114053
249837070
271
1703452
16696612
11915
101
2196
800844458770
82656159012
371445039
1221600514170
44882351140
7944211
38848
1365
1559
23854
611
299
1652734
321206
31218143
352612
254915831
398590228
46871392727
626
3687
22081047122
1116312890953
67200051514
2129941048
3408183
68891
239663
2809
5858910330
209451
3502586
13632424113
16461386
3294022304
50
2153585
33087470
2038381570
3925
6122290
1478783
101
43930
201368
2136339
107586208
161419087
1265598724691
337018
3984413825
2809679
52012071037
2722535
58721018633
19479
424419769
53342774567
685398
420
1914248
31284591480
34504182867
4215
463
14829
75651
16897
1863446051
332706
3324
440936411
284483
4606963352
1285704065491
216783
2387
45871122441
3070409
574
15256
7438
93478074
304697
67699695497
88941
137847906
69382526642
2325
463462654
1339159481
37801
14471
29717951
232884
8214211878
1294
35147697103
74051973120
4309
51465591248
878496521405
101
4356
78092749271
338
34060329
29261699
62402048494
419639297
671
15387596
2261085
41473977384
378
2107765
2986
59379947623
938168204260
1111042868032
1103543
4488754459
1981238622
1243062
421
161015
2112165591
704
30077
166729
2400201
161526
2434380
268417660
3322
2902
538
894220777239
3133889597
2493460
1842
36122002
1669913
1456958
170088410
46499271189
20799082
5314347177
54230
4278527059
280
94614207
987246
66319677788
2182
424388
33708010
16634016489
65058876069
413
435
77779731
610921888635
34950
3517200
35412220
1060731946732
82616287607
106425
723248807160
348955705350
33357559
3464783
3415316
1832
283
1472686
66002
67590597191
51
12440
18300375
4331
83485718
1269683786795
2338955785
15819147176
700230926
3162627
1165632
2294
428
17991
27264768
468758
256492
31113204532
4133
1567070
15749
1079638
176333
421003753048
5071592479
20668022
472
2546
214708
184921932
34558878
630617799
191451
4744
438
85597
633
25389
262447634
14183838
1178326
331666
310
22038497
277968
2806
21054566
85837755216
725121
108487
79044151115
116
30419637
471831153
54574729395
83369131156
3318
3981
2118083368
3614808103
89925682
608988
360825
2907
4537
2918775609
560204608
3798
4070690979
2566801
490108258610
516
57197423911
290033886
5501884317
1926
212
391841472
452
3772
33270
1066356
4695019
7958842
46236773287
773678860328
11520
2215701
4614164748
16845
1940
3285792
17348
361344044
59352678569
464
68406
700004
43488395609
35433733
206371550
417821
36903036
3090158
40880122053
4475
377423188
4631354633
40
27629
4419
141411
228062310
264
2064
1471152382
13119
369378
2538
932135010467
73034921260
151912821
794605208607
1868
258543
3686312506
216789580
1330505867
433
35713473912
2863253
156
40091
250744157
148745
676
1229602
5325074345
54503636126
3570286
3436331220
76377981355
28845
25666054
2502395
153
19824130
23016450
332939
39831453
3071824
67996077387
508
1671065
340335389
621133
415387829
73445055560
430788963
726
208424406
26129215
1452
2836190
61153288722
46601354520
9942842
32011378
1031467717200
29600
2903548
52469398
16762
5697797810
3565911
1721
99715
3606677
149
3121452
579434236803
1103051464008
38354
728198555
38338851
252
14279960950
37054912
6343274
52076815960
26523391
47
209
38911378
175666603491
56964931191
598
7776
31525
12812704
837
25616
25611
37406
618
221138495
1342054068
1366
14367
212962
422
190
86017
909739104636
8427963156
1120
70103931103
2865
1097312310
294929
562240822529
18350
777
3965
108961328
32001
2941965
4211708
821
960293954
22533
56968511
5124818177
274439734563
3327715
4808606436
595
2236528988
1338194470
16997741
111333313991
2788
4233
162305
217
114
68531507048
348611920
4314
2748301479
183927
30480
31752
379687196
28843188
192540
14800
1538
1219111
28544166
13907
877058794
3063440
21964306570
229844
1714
18291198
1133
34953963
230924995
1836927
59124462598
66113
16140638
1899
327077189
1847028
373824935
31231823
25917760
536655017943
119
381719675432
243471921
163833
27204955
225624
269588
567571
5152121206
12688775
8134
10624565
805397
2600667035
685091336578
84751677
86301330183
5752965191
64045
412
4722
243822
146066028
274260
440630733958
164
7694670
29916440
801295
556520922899
247199
295143236828
2088972
3237502574
476612137
78206326581
5533
744128203528
288
136892650
17248567
182270360856
2362030
74712
313776
168396
158238676
1
114996194
624
1143727719868
23133
1540
20567598
4443
258387
246023962
983743
620
5420500208
419
158662
309075272
338341619
282215188
40281
203371234
34625983
5611
239810463
446689
2343883
61391
530144874
36535786138
3699826601
524744923685
2137
1433721
3171124
1542121
327
660510912029
19027196
351195862
28868119
230
751502891260
71291821653
1855446
2852
668
151964995781
69861162
515
33732
648
6119476490
54678081357
205642157
25491768085
358510
217648580
845766330570
245438817
689087031576
78111356583
1537844
6429749
92750
4938
5571881408
36081458238
2232969517
540
965402506468
1028040738783
871
1219732451620
154564
2001486179
50737565271
2151
33478260
93405604232
4025558242
901192
1533991
2976
3521355612
189187547
243273660565
2474422861
1557616
1942035
718
3711820
879128536635
1122891870364
34892891472
2888
33094
1983
724480975
34319947
36315991
1044649390474
129874758
11532716
3691
896987492
4153
29002
413
923
343434
2483718
34164465010
830497318323
4390
281961
31797316681
29611
690
296
457349
3406632
21091633
5734747348
21392795952
522223
2438059
22039
34746627
704
10353
141413383
162984756
947338002395
2960871
526
267830960
5398772398
33406096
1642013978
15058
43311325055
270
61235771852
212
259202355
2927
58277196574
2115598143
163895430
384
200774
4605
3189811
244881433
305896
74513017802
2287283
357595925
31658
17272723
629
4298
719450076628
31
1493
5207178027
319807
418556940
1432915
1362
255837
1534
239155
361700859
3868
39099281
25306305089
36306436663
54068142456
9970556
742102202779
194560
4424
865841922806
1007092205361
403528013
16795251819
209181
2821
150363
441937791
73517038
1568702
12017409
0
84406384
8609687
3435752
175004
430
1936608
322877844
969096735503
57201
1837817
840095371913
37662
21967
167897409
2732514
365980682
286850248
3322497
285664
4870135698
35046339
595778349
11267
30731037
4855
180
394
585
2270700
5597086492
1143
232033
324206002991
575
8589008
141647709
303084
3772717576
78639211
74296922184
5
618
94847074
556
3109031
584767879224
5762974231
599622563122
3707
527
2910
25941
62628
3523753170
1345596
388889631
299343476
21230
1009850838
12465
32763740443
6149812
259645
2756
2503094
36180
1263
1509
252924324
25164
78342466139
52573204
505
143876001
8302632
439320233
1156027
240404
559
891533749
32466730
660
263109914
386796737
57382
459
78690
4811189860
296008328
173718597
292048
77803580
23167337
4105614880
52059770575
246909
7067
32834
2695834374
64420411338
275342344
21496654
85256602700
209894598
124
40225
3309218
3904
275
3618
252920577
10432538
276454425
1401
29625
1508385310
73033694946
500
269292
4528
21870
58
27755958400
147438
145
528339216464
2233
3732
592
8089185
452624
3830080196
501
511247038243
210266573
207735868
38710
72080219569
333618
39889563756
19
900949730273
29068210
86600910024
339
1150
2236
340651937
444675462
262244
444492487
42793770488
16405175
18615
1625602744
2335
368064371
3710
871553499344
41
69729
144249
589
628840712653
514
20341280
293305149
27458954
83870268
3616345688
3458671109
10933662
33482710
2521625803
5656615286
25406
6636120
2570454
167557
34937
3376
375
35968
33030773
3348
452215425
1522
591
478027408
301372
74235
1661
70747
1105348132845
6100478164
4942
5492564969
12963
22370
4101806908
438
5272
3365
4227
429
780937
1817055
1126564
541463094
112302
8613294
327888711
788
467
3154413103
194255440
3035
4552
205429876
211419
128056
344346449
666593763194
21033
374568950
472788186
2840656829
824401684432
279
385220236
3584
497
1664498
18887
18873032729
11814
210364130227
472868481
64249118986
17211524
904199
30903
1305475477
342753
1563886
227004
450
394
1643
5930431601
944164796399
28695601
3354
260
20749
2030
10807
36623
273511
8059
105419549
4383550689
315
800
3864324951
36045140
76350
326791
457249859
181
3227502
5757112
222
880520102971
3185842
99457971521
49676
170
4831468119
19399
234205740
236573157
4431
3072663
12274447
2646371
444482840
2103
10005671
289399296
21792
321452036689
275367788
401928735
38122914963
4806
455
145704
1790599
816427594682
30245
5392447980
32816967
446
151238
24058
1173314958299
770241021752
1307555870482
1108509
1114059797145
14023
68631839884
2105704399
121272750
2918503154
355721931148
1024943250753
27591182458
1241
97069775101
30878074
28965260378
318
39189911
160912739
14873995
444012534609
443165268
2050
35109
5641535252
219196173
2533
36694436092
88644
26974055
28510697
87064740126
8849124660
133
4266
1317408
29538111
4124
14753
437138
1028389702347
4537
3468106115
237698773
72272967
235508
3136
7768029
569
9597752
29996
122969
4451
3905
322
417970630
8095
31758826
438616548
718
255686611
5470183008
381
370
82579
4281425180
35164
39931
1223716597
699
773727884197
151985023
11456493
112
3374
70053
216767
20098
1567
210280
2689069
3364595
36328250
38877
4076
4239159998
234271
4141
4336998653
39398
230710
2043924
782081021541
269146
35712
1236
12299
59666106
80088156059
1843708
1025811602208
194718145
514317
1830171186
1021425432303
3486857
446332818
43234020
1277729547
24748
80154528611
4922034
275134070951
299346
291878
1024271043191
271059
4233756781
1126509678683
7197858
1992
585
111350
404431206
478406788009
188808075
1502
39654327
6701775
3517454
61644025912
22945272
5554710727
2979217
14
20502
150848
611693636845
393
313345903
24916923022
543250778
1038162988
12464
629906361955
55408727674
281094120
334993
172
14778916204
5422099304
5466632832
232954
298332257
72
2011
287
1246024
2191752
294561752
435456791680
90299677
474080981857
9782530
37683910508
5741601398
16460845843
163093994538
766091955256
45525401790
29331640
21011
159360373
1519592
10707450
344
22814712081
251993285
377852894
42
3232
455439885
84947
2544
70540433744
63389
2933449239
44833694
1254281495
2116723647
2962353
3606279
1425268
36587185
4835615588
6623
712
23265
4415
266337
188531142
783275
37655409607
478655264515
15365633724
36893890
327705
109072
343
4695
3392291932
17160503
185
448244506
1299698
37666032
40105
26094
459
38870
423
5657253313
4958
322375
224
619864
1343916820
4018643620
5691113153
64405004903
468592465605
405136339
4789
563795787755
25859777
322843
204072
1027688
4625
26810
120616629
2155
53882753255
71576744
303141217825
384998075021
2721281
322885837
3488
3388673
1382
81164
3065503
2018
54429812043
82123
214157870
15863083
797550734979
235925
51
475543021
3645931989
2664
24306501
6167
33476381
3290
3386
32258347754
203422885
44367
671958128814
12090848884
322874003
136156
17923444
6138308671
13243680
171971
420
331488489
12040
2471849617
45197
3226
228784404
33670
30445237
2391953
1512999
5355373311
60241703967
332979830
374090344
10698133862
286395
212
39083681
2898
283
193099
17534072
336359
360705
265270609
4549
511
26302296
77263637201
3524066649
29304162674
11714603489
190304
53984124497
4092
275230
76649430
352214418
2656
2397428
391537989
658356938813
1108576147420
4047312417
522787702401
11133
41723516887
1289095540209
479
36055
2666154
991103170941
4395057647
38544026
23063
10784738
35632478259
68
3245
535
52870011
86167358884
37854010824
378293
2025177
155787
3284280
88749887456
135336
3095
751
16115
44
334938
178399992
4039
13311523
2949
2377533
2197
814151251
321859
137
743346987
6915106
32326
1424511
85161423239
361199658015
196283656
72114
5023
2804378
29070576
219128
1170189350149
2152926349
31002624191
1000
2023
39155490762
1251734970458
2279434
3265
2708547
2088
634
1731845
42889879540
26427
17690382
36850
347338
744
4949
423
10676515
470527588501
4348717612
2434
467
1172712
7858
30875266412
690483852767
91240890856
4119
368148971
314105485479
441071544
6087958276
309930168
62650074899
102321155795
7530
594
57843985380
38051
18958
487
1452458901
814762564955
224196699
16896
312842022201
62738594037
267896
200865
10540204
5104206607
1408790
5663725329
91171
43407
261307
7764300772
292996
1091650027252
3849
18216
30715281
63775159750
2540
5770462015
86
4151165505
84346118889
646311218885
2446
285183008
660
28961
18651
20154359
8500752
21685517149
12075736
1662
4116872431
2060
37659007
25282735
10211
794695540304
171
219639528
190606694090
612392083368
33205383761
27884596
323609610
3524319357
3267164104
55508390027
4942
48716295
205307
1714217700
3615
3738793257
6632468037
326741634
5207
329340628
104
428
3465604
75185488473
33256374895
5833581
17102205762
665719364039
1446012
140746
36851
33565691
4356095435
28
36703594
8495
137207
300809
2259734706
3183395
144818
34214
3217383
1926654
23695
10177
2867194
344483
26661487058
2692
563
4243816487
10642816
970675576
6266
52993862833
4867
345935467841
886937
1711971493
4634
192089383
111770029
28572487
3622185
104728
3425
538
420624
12515
645
1267940041
27239407711
29137125
2782928
23721
2707
359172700135
5756507963
12
288837
536
74016
3344
363658768
4990212
310120187
897384
937030
21091
35744859075
65323296559
1845684365
269
3395138
242394
1400
203912293
23787745
327643
371756876
37398
1208618528386
117605
51643
373256
155638
120399441129
85254495142
8235
36531
4816
356
25527
564
2988483666
331699552890
28213
391362098
3130
58572207298
1920516
40869751
713
2198
542
2252041438
1048249687861
1142330830
252585077
12249569806
30128
4680
26819
20928
185
1162461727
531
3804
2517560842
59354372057
1200904818448
117
215387661
53
55
3186
4429
25146
13375660
2262
3183
15220
588
623634328101
829543282235
36
97132
1317388
1221855428140
67701168463
21312225
23218179215
83223271681
2387548
30
33529
919500313445
27160698383
29436
1239839440515
317632528
8965755
238
4493
2000603
3737488056
1242172669278
36584825
17644
249546
2818090
200745
31882
544
288915059
2260746814
4339
877973759796
1636687
1317421
2230
4699926965
235368670
55125993987
2364
1801558
16173
575404349646
583573035117
753
37029787660
161678582
3203667
1035099
3635933942
79164308453
4076487691
27040418
73710389922
617629
264664081
17319
447
65739328593
19601261
157607096649
51666296549
2695795621
1439367216
420013064688
54363099258
1173425774257
1117929264
316372
1867319
5531997133
180
77112190835
115886357
843610312352
5
660506904113
4175
309
647
4843
366
347153454
333
8652280
1707277454
23204
171711
21274
871700
211
39881
2496489
11529028
1237632523847
772912067996
772
312919
3663629042
337
54033
456316063648
3331
30642
573907812773
7971
376167800
94015
372511341
286138
1161252493
6883781
2971085275
29829595
508
262687
1922327
195466
4334408149
4513
643292
78134259751
759194617964
229240
4662797700
993672252995
8907989281
45942292748
312164
277671
226077
570535
207112
796019817769
319643
63860936308
115699965
45911754958
687344584
50301344415
38217
1279
1314750
330
97
5128668057
73191737536
83436463624
2564866
4764339
189168
155096
43000122946
4109
2490033302
178
16968
64714868999
247680
358108112
6297179300
278647
18370994
717090663
16236518
14558510280
4394
993
4011590780
679959844741
259687
41323
27765030
2271941
4118
1627458210
229752354249
240
121524
154374459
71938
41031679534
222
2867
2366972
7693914119
6153825779
524818593003
87891
1155192282
3447897
3368
67044942051
262288680
1
3066760
62307
20614304
112577691
271061
140
67199093002
55540238471
4458
3511053822
2001
2729
338284718
305334
32682024
1267127836798
361
23550794205
38960106
564786
4372
247247
1048156
22402413
549168087899
404
474816
17604
2485665280
211846746
168
384165587
497
989
969235526066
30858
341389138
2589166
37222178727
174117031308
26697506
8234
4302556451
2652
175568
596
15771758
31535
2470
32524667
4496
416523742
20621
1150841286297
419154134199
259209
326492
241756676
242329
4486561208
56968826495
27017
2284651
18017868
84597334546
178741
2550
44840439251
236492
25851568028
340046
284
116953633
264344824
84208077535
151354114289
1159669622546
60582609625
1048549875
836303909529
5358965636
54842255094
366621623014
1066
190
1225631552669
867359
754687318049
126074580
6552891
2121
1053212126
63
155817818
11162202
395
38249164
202
920960301704
4262
328933
2101861
39694487496
2240367263
264125279
533584986
4143696
314793999
18543
157708
244396
2335505
106079805
3904842695
37541861
370855547697
68066539
2381161961
28364389274
706561665890
8934
30974
75
23809654
160809
5948275121
10888
4769231287
1912829
341541734
32675395
34157881176
212692
3451
4766
1468562200
243807223
292284
25993
623
437778630524
83830477453
1439292102
56991914197
388001834
29432
8752026515
1106974
229782
427183891
762800524252
3608108
39487
2406628
4403182042
168271042
29746096
3789855988
4654670
5095649588
4996702995
130
40329753202
23009
2607271
23
11601800221
19569209
298078
2293338
2590
5208556802
84940571404
268792
286194
5029
1216448203469
2414972101
1955307767
556
130029
155
31609090395
11223869
187398
345856414
387684357
17198249
510
581
1246310205721
37417
664996270481
618541822524
258861552
3877727189
273252467
1193345898
906276848433
1035114
398427478
14325695448
80495
275688
4739
13125219
1131420668913
4379
2057514
398746903
546573711
11746
2514
430
2207337
135016
3630
38932
39774904
33837
4050547579
31893348
3470
1275896073806
1618765
30595557
16980239518
307390
1654
981427906896
34996
75895606393
836213339
693
23360824
201
31024
55118
4548
1288260
58316182
11587907234
562
3355707
66136074934
53423603657
101
11479
574
35557347
600620762626
718433
29731
146248
53013577
81963
2727087344
89126429
9601
486713
663804186965
9091032103
4705852792
347182
309
463488991
1003383284066
340742859
12516406
123795929602
1462793829
14592951
318922
226
198857158390
2964
32805782
218014
94776
1752749873
7213
36157359
25547
677
348789239
39414201463
72930250588
472782068
48919906553
2657
231869
5964051872
400109
37912
321404288712
2166
86
923
168654791
3507691
2755
945188494806
688504
125
3897
3008
286713
97274
6112849
5813695563
518
418669154
909145733451
3457667
64
134590306
419847300362
28119
1729
127390
1759
2130686
82011278045
927
435473568
1280027
487260498643
842086753008
84214551226
1712409
154185
177210432
744017
325
222581
29135974250
8534
100
2663
677
373585444
35864170
713
3344329
4
34360355163
19009
5214047265
5029371
7298339
2282373
11329781233
867102
3116161
616891
2112454
1698
445
152819332
7498
774475046089
6140824276
38806
579378256305
213075337
6067465494
50309276093
3472010880
20117008926
360
8037060335
40039
1284571
505
3529525
1563
768102016
186683
1818487
307323
169663327
246541313
5020238747
1022036740541
1219002
33530295
1194753982277
23942082
86110939460
20152985285
180008
289030
752588718953
4091
3135034897
13964419
238824
5394300470
291818
1569004
4861
3211
2787
1517637
514482969702
660483
279036019
210086
1155
535
115306
606124851538
21516429
51
3939320869
4879
667291631626
39058070
127453212413
43930
1043899
74051410809
980318218
296000322500
29534891
170129
713257990876
3865963888
1009060596412
44
842880283043
2496793
126
269503240
1099777229675
1149
348663540081
14113
6134073503
970042415615
2113034517
63467
349106
31323
805479106750
245058
3455160
196
1273177358641
96
1537953
3300117826
3497608098
448325603
68895723867
101968627
271
355621
2185747
262509
337295
74949
3280396
1143175
556
9107240
201
2057
3557550
312
1336
36619390
42873
75835536163
8196487
10565459
644
4246
219
19918841636
1871
85003
3062095
3110
421550136
2572
98068005
40245
22891286
272795417839
31895
3360944
33543
26144383518
18420
36845780
17697312
16480234
197596
7246205
2216301
3171624481
26687735
245466
5384
549
380
143023
1890556
381172335
1969036
530054
28631747
74116029
315621806
8715343
29751006
16651044
10606946967
459440195
1619774
34576740299
619
2840647
584
180282
8719
3244257
908456039463
38408
360725369
19141574
4467
233680
1406
20158375
79655353676
2687271361
703715420494
30952594
723785949590
3153
26
32544407
4014
1596907733
144
49207195706
3816518205
12920
541
29596066
99317
25014
119
36488480
64425049
3192
3120258299
1460
2444143
59349
461464296
61615088348
427850270878
2148222
1409
3042399
5487095678
3559851
241
5111112445
2891
144817018
9796414
394963618
223711
700777870541
337231
274071
197323
2615
110
39080409
1145171
159277322
5882663015
39842
444603
513
4992
334
1708
4148
100321415
254499
65430
1049489760752
188081871094
325
269301
64116729954
13455186472
283690
394530235
3431
1280155468879
2578157
23918839
304446
651945
642113223065
94957
5824951771
295
378621861092
310827
603819127664
1079030901439
68739878920
712
32613
147910575457
13891925
3589743967
7
144294223
42270521712
302
36529149
1222
1506
45594287123
59440093
3297781
455936888
1241545255
261499
47621791661
71699
68509373295
2192557
911167315694
400
51714717470
56264169416
337431982115
219246300801
218322
736570655926
10816202
16815159
751750377022
50351266832
3130
30302571
317
259089
79561
178053256627
290212
465
140159686
15188
78301141297
88606443
600736227127
12584757319
838179881561
669329826798
13559
174847292
107
18042493762
242633373
57185159984
1818778023
275
3455
55977567297
37938
173682218924
382930335718
2882
97446
4745356400
167431279231
207988
350719850
1725
49474319128
85929113993
18253938451
46302439
645
698500269746
492319
151421354203
216804700
345800891
110455
330910313951
89
319777924
18168
32140
237328131
8192
6533271
15112
314071
89382535608
203156
16289631
376838602097
261058
1860943
1822662
10717379
4265681174
516745
8676
126
111352
19377369390
2583
19611005
24358
12295468
3409506600
12498
2897
17882
1494
2221
3523100725
234523
14200
3037977
245949
413
54620
34048080611
41118033822
122968742
36129461
2581290
341949
268289634774
2754
182736553
206144587
180
3940
340987
7365377
4892
20911
386003783
352767
29850148
469729031
4431
29767856
3579008
67785271612
161407216024
62869760698
7437602
449412627
403301006413
1896587
49190
617365196239
3304668624
3930
3078
138237034
633458580053
5809196224
185381
170778
312922
96700540
5980
5341784751
38966106
643
23116
257025
13
9962218758
14468311
69599
26701877
14130306
297972
633
169533
59162765
388021
509
20010
85850003
1190611
400
4587110793
3149
2066612673
1418691
5619162226
159488557719
91213
971479
83273157979
324517972
1029168683664
12466
38280987
4144981894
36954906571
174675
4888
922
235
2725
2448219
1104248336245
38611236395
29309054662
474603752
3588
49363918220
758
80789665191
1242500432538
105750943
74835411924
4471
232
34892473
14699
31272
82205406
8892619
353499432
1239817618
325313994774
3212931
341544
185148598
600332637311
1149400230046
84734060191
0
9874
360228
667576
35066
588
372
210875
3303639
158528427
4948443357
3996
36351740
36490680
166781
4241
893045278528
329024
1348502744
6129829558
353186151
45250095601
33415407299
162303370672
46
317053186
41509067
2537666167
4356
12416707
82487840
1412
26079
282046
66178019764
1272663017349
4006
352073
221115190825
29190755
25398025
60402961118
21979848
1271728350
285
349
55294837438
64730005431
333117828
30900995
1184339892105
245477909
2986703
658
3272923
20842
3630
15957736679
2763981
443607248628
519
3101746981
16315197
56550112644
32652349
8473628085
506
200
279873462
204846
1739351672
15799
3725928
1193267803841
21168091
466464699362
138712261
10898100519
410343373
657238898877
2528
299609256
39685
651952
2514
118
44395520717
37394184
159849253
74030744468
1108279964037
18943076
712908961497
156495507932
17853479
2006
38337127
2575
30619185
3519104448
25012226
4022338886
3202671
2587870739
2806344
115240
945147
5985344267
315555227
18325
1662912
21954
2424472
915106
225097164
98751
366653305
74539058774
915
434520864
248893
3348
922939065553
886317
342634974
166
476
82431
3802384720
10
6878229
60844312359
2734598843
505
1263
2533893
121596787
295808
10532
221
406
114147
36540
5941945860
423546831
188314899
28300939
9967530
30905894
3655801372
195896363734
3959
4311
4254
19047879
3283802
376581862
928580842836
77759014096
5522271146
213217017340
267787307
215
414083907
16724
1473562
358535
357880681
1263575442714
3624791
3618971260
1073789855
3813
37688
95
65715639357
33991
1631
392841439
146160
2076812
251
214
2491184
71276950010
222418629973
29475601
531
25450292
437141000
1165953
4775582471
2363623
14516199582
185795987914
628332183
24458
414
3172432335
333816
26940
4360411870
1069129587965
1174362
60761856644
26875
480
219390
214576197
766753509540
4243894397
328656786
366873514
246722
2215
41343523716
4152964373
4682456880
851397194
25608261
232430044001
542257229
94584682
4114
299564
864398976014
585138892
37220045
2457304
174663155195
665762933980
16808
674
41274
202348520
983860994625
5180593428
5994232969
1285033340194
12908953
24480490
499007547181
23592
35282
122
3231592
58086119400
1063939827
84212123176
692
3924
165618268
734705134
64468798340
278
1693
34279
10185
140
12706915
143
1649533
37813644779
4008855
3277
774221869628
321267
21435772
148
4458
25315086
2581907987
578
3356125994
26135631
162693632
25117605290
11599961
108198
277488
508
39193547
3146542
960817813217
135588129308
37513
2833252351
180327
5603995411
192019423
2611849
111997041989
242
21899086
230
82603700192
21341
6519
26135928
357
1039269643354
3552
56056497921
48655867111
247
3353695
12515336
58610283888
166
145365913
4557625
375
2563997460
17365
31136594
3317
103
564
3612522
1125175353494
48868867602
323466306781
2152190
1328253
1321
533309833
524283
184494567
28090188531
79141253
1650685
278
429
684998631684
39079333
245651
245867
170787665
21458042
678118987
37617300
1597071
3845
6154799305
243833
