3089
40598055543
288639839020
2680
1583886895
333310
151124
36900247
314417
20306137
388633451
5898244754
1118
830609013424
38506
17391079
722650754856
57703153029
2248
995301
77357310974
3423307676
69315406865
38851
154
2236419964
3260
4248780922
160068888
351
1045814
21330456
4108
3394255
354145785
30409
60822
1540055
51902641625
128673
30009
138243578226
310747167
344340
187
249
242157756
307436454
2189670
25796940
2920632194
798526603408
5522
39040237
6445673167
251884
3917
20935
30817345
5018486263
33638
347246
409979789
346214780
1253846679452
759650946
32331323
327792
682
59862
115
2988944
4207931981
989230183610
5158165571
725744950198
20204
55562740088
218
17446
60810637347
1829591
2636923
6132858938
637
1026744912
18061582
14123725
160
22
2345992
65556418748
4882212260
455
2197777
10095507
168382
250992
2410568
466833252
350158
4054793
2817952
54718537875
1479717918
13221059
308
1340815
59555
4182
253567
292300182
21102
138
2562828
28780
35089347220
5587300898
2480197
23492916
34329248
4975
140756281
65341341862
445
538146346
314
1623182651
1080912346436
1130920817
73360062822
1226700
404963528
860290074473
729996143249
387263608
13059
62587
683049983959
133
4015959484
164918152
61
217078798
6319211
2702365156
21383
1764283421
296687251014
697
78178
2685
64
14359137
77413147359
3312
336277185
432158207
19314349588
119688535412
2814315
4170037155
254
3986
4060
521368778274
26351017139
130
151514726
479
67502962723
4388019013
31732505959
1392
1123414956
713
253530832
20
41757182763
236
59041759444
58328
3112
630381856686
65253551529
42437
23586252
27991651
246
176213789
3273444417
3946
116877045
124503
39895233072
1029851
796519871867
47599888
4109422971
37529
38016460
38595
1535
3306988641
4520524790
3425570
474
580192646581
5599178754
138296600317
11767027
3354317
3186624392
1192308958
36305958
2261167097
10537351
1423
13508798
469512
3345640
157436
42000497610
72271539942
3201425405
35218658
435
22162726
647
3404410
1359412
468246266
39663
309585
561
1156211293547
3082
604
61752500784
36607779
301
3522
63094798891
416
25653
344175
19616
293
645
3895
122
4742
682171196019
5806912912
916690564622
594
14662287
2864222900
3585577
589258313440
23763301
43219028221
18347947
2367844667
146
574230992653
182
20206912
453412787
143120996
23886451545
76429865625
35050
1460080030
616538320219
32358
14815
1027768813121
223556074847
92066678
2387
583082350437
12142
993472126700
437876619
1750370
20832052
120843
3236
3481867
36750841
1301417318936
112
16179
260049
728924
38041
188767
39882
69559905
1039339210114
3831
269
929280995612
39780460242
17295235
575
8423
2362
97
306272400
1924253301
13927575
931129565373
1384
570898405727
1363
20000
11367521
439
2012
5826034606
106371291805
3140089
2204771
1498287
218568206
351146891
2345708055
265518783
175463
10320465
18054004284
1311777000
465
204744365
3243619
995
1420
3624329
394317771
82455606641
79439859121
1353
43468979151
3057789974
689
1405
2958985
39126
3159
364656228
7068404520
19821
123450485
113437
470
170508
363
2135717
29132224
4408
374918608
4627
11139754
2448284916
412848056
8262762
802838285
3602928
35932056
233548
351499432
21842862
173
33204737
2237
255
35496384402
488
331240672
160978
217836731
4629
572
2134
25304253
1921317
86124635394
583820
575090138511
701906797393
414490891956
279364
2309826
398
591806327
2707670
1855215352
2056098
26294089131
27476
3537507
1086653102017
1518551
28169931
1847
12567864
648
1368
260698421
1918108
11925411
4229996818
361
19482
6028806885
583130103913
1858409704
626
34963
13802
4901227484
14632
6
72930310
0
8248
82971036931
67611720019
298630
160197406
15748
1492399724
6769299904
197653
490
532059200
274099
398807457
125068584672
657374
39294
440
322991
29
355318
68558010
674
28876007
159083144042
82
6692138808
383802372796
457931
560632381187
35946690
8634340
31615268
146363
11
4840
39294
62423835201
30118129
55890
2394313796
261194
409629906
3924478676
3413
401357136989
2178
432592152
318
465
4654885911
1098974887929
11808002
3473169
13812
6624243
209172
700433089
282
38238929
4895
36729700
1391421
24075
1205723628
3124
76328488021
1934072
12620004
1644
2594206
239125
2633
11964
938928980584
661916
16139697028
67050256575
276126135233
55215239493
153369277721
7398
380
955136
405
44959226992
329568
38897667
271333868
3387
37
30550401
14247
4976931026
939969980872
94518
4621
48020
209729098
35588656460
455
13806
258168
54539694835
3196797
4128635654
1295033185469
13834299
4081498473
258432170072
3478272
170713
932408
25891128
435530810
31795913
12500170
164
15032615
35425
15915767044
2967996
26754785
4302263212
194263493587
13148748
170108
582418352518
21100
540
338717
792076961576
215
1423
4113
347
1365534836
1984558885
22288659
265195036841
10395560
70076784989
1637732
133
8440373769
403585281
48342504001
5366332090
6602186
35884819
36328
20579
230613
32557
4958011382
14873180028
324
205814
318124324
3344639
1906
1967955697
843276
5279
22719
33221350
2044
3310
959588960
9990223
50103
26028306853
3160817743
1829
2913
107
200803
567
43493279386
31449
7579
1999375128
231
58081496279
440996777
343725347881
194852
1569030774
21016
802266
2824721
42579746709
258
555718
2785
925114457
11971
3779323239
24498169818
24628245
289285
25289856
363985
347605
86154740959
134
21551
276
14551151
24217385
266288995
390273579
20271
107
112361874
1252394
263214937
481
76109777580
199831883769
220327190
65265886721
343797
9643606
378810
570
29338868
740115
1013778019298
86120
583
71086154633
3820
4135
2994
10321943
271679009476
81
184039
637
192
75032440417
87725171
28
319
615
3020646
883455
633182831855
1118913510
497
108586782
2681262841
3447
99975
533
157146932
1525
3411989
577092441
23766198255
12668477
36061
130067219
291305296
629984918030
45144628334
165
675
43543086697
2097712084
17241308
202370312
2756
642
19142112
637
383
3378040
1293495110528
475569148
3169368
55058263891
223
14521715557
384036472
329648523080
25998
329763034
1339893
28775601
39639
21539565672
1097128449200
591745517793
2645
256580251
6055122113
82378196672
38167
24262
3028985880
77657243713
566
200781
410769841
2205408
37384
75630611707
254584496
299866
564996246410
2280439
3650510388
85518036
16177379
3067395225
2401893
1002998895467
1901593493
162952922
215437
686
30545
4326
19570595
11892
5342
1836555
30968622506
282033
4718
5039298594
36534278
1065691220564
340665
5320072844
250272
8549
63694182757
260709402
3127
4659205621
352013
635
182270
4244817386
78045132274
134134
8562075
175
1543954931
321
2213359168
156128
2846582
9015059
1223
2525974644
353
27695100
549
77339753474
28497422
3030514
25020735
135172218
28071044
5051
139134
1962
423
1776403
18902
2627
37584309611
4948
37985404155
340268704
94
18524
38437
24240063
3200611
69320019119
45564763479
9629652
28947
266410
3171
865563473968
61484372330
3732525
73006340898
789047058285
534
41442134
233328642
399
27936970768
4344611946
22033794
2232665
1681622
214052
27089
812046797956
99
122296464
15378357
604
4233
341858322
9961
3372025
21260
78568694591
80646122310
193648166
326308677845
9372187
106061
219
42685930630
20512411729
34799147303
14906281407
2805
698
4552
1935976058
522679
939897092391
4670950370
17814
174838635
18398
40620449
350949515
81089
604018
4967824609
971182075225
14446
582
1626441
22684946
254
227373754
5812715176
42606750584
37299885
273633
317609714
4489661776
0
172
369891874
274594696
2515485318
21306502420
55385364324
24959209
308535517
2396303
734990579486
115931
487597328
129
199
41392
488743982910
783806
960
254
15276785791
1799
3650
1087540210
38024
270
89
7668
524
65045
1035048117260
6376
4965
82828035868
5716331025
405
1251728
634
706
1688615
13371300
37877070
9511
19563
703
229871681
270342026082
4642892354
286750
250377739
456489161
1209989931906
641
36313
38861512062
23230
18144736
238120691
821811
100
243818832
2009
722732337173
2664933
145928
231650556
48649889
1557559
1511121
2017842855
160733
3954957585
2613034379
378635
16488877
78548910116
107
6117
138278528
58
10234616
45
77954473187
6167036618
2880
112640791
159034
32739
2549
35943804
434314
21537
25
3176060
7108
27711486
59368505051
472
2849208010
7988320
27103335
27106335
25019279
1900
66759768001
4771058687
196
10148
4784
9086643
45
126523
7938365192
13230308
454623093
255286
105
1058097
6078477243
2219703
84542770092
269524962902
442836723
5773591023
258501369
2671683208
324215751
32622
179
16359
28954071829
2100570
24121815
252568329
798609525478
114360
45477202738
1226983751950
727395271102
575
26425310
11271173011
201
13519
36260057353
77
12905
401803
83018431391
1145519
264036046
2244
36887850
422406290
23243
312513108391
186492
1977888
1154922415
24760770352
1424
17860312
205347
624
48678562192
4422
140831709679
2417
29521958
5149582482
12743360
659943616962
24
621
571
3414989871
1451494
64598104498
74793
5752708
35859200081
17855
79989553395
563552136
47206243
4774589268
10418
327
4735
1445416759
18942584
3363853
291
10688896
808167021
2079544175
2006
128903755
898328
251
803364151981
1719533169
3396
27649126731
384190731
5358121
239775
1512377998
210322049
1264108
331203
3733632172
3417827
29134383569
5265470616
34323
67172135953
243458920
6058802517
39783234405
208648897
60621945896
9064
841228774157
389839474462
481
198898835
54456080755
33380
37419074
2401
13903276
1399154617
125156588014
25002175
716
37056
65086
3179240011
32616964
160030184
96170750
239719764
385983200
7657918193
262
3664
10614046
12904
491474623975
1497374
1172054039781
360447
8
15132
5824
2586
2802
25109400
135058984
34297242
3622034
328
37660049757
255448466
1370
3138809380
1510
363430890
4155293870
302633
67085282504
478023601137
1047299304190
2474
8513928
35795
1447
4783855211
3324
1302266695
2209943
3887749138
426
371317882913
36145
11359595
1449
163211
21730
582
22883
274166795526
292276
319654621
121610
13405591
276
67463310811
210794
1210839790601
26349745
3243011
1605
1769
15666168
260363015
22169683693
114127
3774395146
10495
71670117310
248780964
4864
530
478765509133
23985947
190271
1327609606
20646317
2154843
317554
506
190
3036
26031
87
4122
11275657952
3430212
135
16549
9911551050
20766731990
5390
33990607
230303
1286137215693
975599591980
3003935414
48253598075
140297877
172462466946
684290
337
15400901
2544146323
433819654416
639
1723
616926
2121307
217173
12532289
4681612499
28566466
2188
704016214041
34769476
103963711
463342557747
4332071262
1069189321672
578
1928
3009954396
84995960514
236811880863
86310881833
4843
143283
541
32690562165
452637506
63968
5164
107091
512
7159482629
55687832306
37811
1290
389
46892
20321
57600109855
689368605846
95806
242120664
32859
242311404174
455448905474
142539013235
178396237
20018488527
658
714410552864
236845
244676596
253823
366115692
20
27491011
420060898
551
264578943328
1578190
2189797
328
4432
31526407
310572370
17124
287070256
325710
34734934
397
719055599270
34613683210
33216
3734342234
112493393
1081764293
262875
1447
1610
864363604
871473816
775699
2205218704
248607577
716544099499
4193
5488846591
352360
5199679592
15889861264
3129942
191
8628
407447152
38976722371
1997931
116062968
5201674470
3207616
120472499
436765627
62120978377
210
428
6218913132
737777871335
138
284
231072408
580
456
308
25632677
242163
1158799
1837915
6139716321
34918516
66
82478857729
1880
2432
256434602
1784484
679
364
142050
1294487
29609042
1066
3259718
34640
472475963
454179947449
6522458027
591
81912332102
722
49622982432
3626173
6048221887
552
228929107908
18836
2645661
39858908
17293
34437623617
662
5095334566
15754113
536219555
14327
812208321444
38235321730
195
2252
691825746
